61.60189204	0.032388909	0
63.01861082	0.033529807	0
64.20550669	0.033702402	0
65.17928226	0.033336673	0
66.05839385	0.032654214	0
66.82073584	0.031786509	0
67.50321732	0.03065311	0
68.09019224	0.029198955	0
68.65610641	0.027846474	0
69.16339403	0.02643935	0
69.59372824	0.024802526	0
69.95032647	0.023294704	0
70.25399018	0.021947454	0
70.49717921	0.02028404	0
70.74802636	0.018844282	0
70.92769585	0.017273217	0
71.05996258	0.015842012	0
71.09037651	0.014403407	0
71.14227496	0.013019955	0
71.16569824	0.011654013	0
61.68822945	0.032841633	0
63.10481485	0.033407182	0
64.3223867	0.033914182	0
65.3340576	0.033490715	0
66.20451298	0.032739603	0
66.9855582	0.031798857	0
67.69268287	0.030654977	0
68.29082477	0.029264167	0
68.81279399	0.027893374	0
69.34346324	0.026418299	0
69.77854868	0.024931816	0
70.15448702	0.023351055	0
70.46326575	0.021830111	0
70.70121018	0.020290409	0
70.94655286	0.018759626	0
71.11810723	0.017260307	0
71.23570924	0.015721657	0
71.3478072	0.014348332	0
71.38278403	0.013014884	0
71.39731939	0.011718628	0
61.77050876	0.032845659	0
63.2343405	0.0338924	0
64.47697743	0.034109066	0
65.51789792	0.033575006	0
66.42201001	0.032884402	0
67.22398887	0.031900996	0
67.93905058	0.030682698	0
68.57293344	0.029296806	0
69.12596964	0.027922212	0
69.62845606	0.026407183	0
70.09539215	0.024923572	0
70.47010783	0.023325373	0
70.77321178	0.021809296	0
71.04019608	0.020213803	0
71.29603511	0.018769635	0
71.44626384	0.017249219	0
71.57483144	0.015815959	0
71.66790396	0.014330259	0
71.74243444	0.013058359	0
71.71243533	0.011679861	0
61.87856074	0.03329823	0
63.37756793	0.034040493	0
64.60787987	0.034319387	0
65.67687066	0.033688756	0
66.59951718	0.032990043	0
67.43740704	0.031986534	0
68.16477286	0.030753244	0
68.80491854	0.02933923	0
69.37648403	0.027910741	0
69.90251004	0.026346212	0
70.36303937	0.024859734	0
70.72099535	0.0232669	0
71.0322678	0.021700561	0
71.30393648	0.020188591	0
71.53666588	0.018627587	0
71.70439054	0.017183058	0
71.85251406	0.015702627	0
71.94067286	0.014274882	0
71.99187685	0.012867081	0
72.02625197	0.011599809	0
61.95801491	0.033511872	0
63.46269034	0.034522852	0
64.73398115	0.034428081	0
65.80930878	0.033828489	0
66.80019716	0.032950998	0
67.62611342	0.031974612	0
68.35582431	0.030716148	0
69.01084152	0.029277328	0
69.58548391	0.027800313	0
70.10250298	0.026175638	0
70.5831042	0.024811111	0
70.97199216	0.023265596	0
71.32423381	0.021634816	0
71.57465298	0.020102025	0
71.8008213	0.018688161	0
71.98248606	0.017034706	0
72.0986925	0.015663077	0
72.18638555	0.014216295	0
72.24745992	0.012819045	0
72.2799329	0.011582941	0
62.06146904	0.03364946	0
63.55797868	0.034548379	0
64.85948826	0.034564055	0
65.95986493	0.033930877	0
66.90240795	0.033147895	0
67.76723185	0.032040174	0
68.52744728	0.030698418	0
69.18782079	0.029385475	0
69.82287611	0.027876813	0
70.3442762	0.026252543	0
70.79153004	0.024756173	0
71.19466074	0.023175501	0
71.49525086	0.021606878	0
71.78604725	0.020051049	0
72.01810252	0.0185908	0
72.20242675	0.017061757	0
72.31429419	0.015640862	0
72.39736534	0.014189651	0
72.43597166	0.012801704	0
72.46803984	0.011508627	0
62.14356585	0.034148183	0
63.68371604	0.034812539	0
64.989061	0.034834219	0
66.10736484	0.03409144	0
67.06886294	0.033156387	0
67.91539749	0.03206708	0
68.67924489	0.030735634	0
69.3653818	0.02928519	0
70.00627528	0.027810717	0
70.5013237	0.026269511	0
70.96355987	0.024643941	0
71.36763788	0.023218692	0
71.70868506	0.021580679	0
71.97372029	0.020012016	0
72.17908314	0.018483489	0
72.3708708	0.016991662	0
72.4845978	0.015526793	0
72.56407589	0.014160651	0
72.63105376	0.012711598	0
72.62666278	0.011429841	0
62.24517238	0.034610162	0
63.77612419	0.035009483	0
65.09983411	0.034872082	0
66.23066412	0.034246833	0
67.20001	0.033196641	0
68.06000166	0.032146409	0
68.84289031	0.030755057	0
69.5347202	0.02929373	0
70.14385497	0.027893228	0
70.66085099	0.026221172	0
71.12645735	0.024724283	0
71.53527951	0.023073225	0
71.82925962	0.021524514	0
72.11714887	0.020008084	0
72.32520923	0.018444858	0
72.48745814	0.016918785	0
72.63117741	0.015398873	0
72.72742791	0.014024365	0
72.77278224	0.012678528	0
72.78604907	0.011334769	0
62.32433865	0.034827521	0
63.90732103	0.035397462	0
65.2177937	0.035054667	0
66.35455035	0.03430333	0
67.34206844	0.033341583	0
68.18281415	0.032077728	0
68.98766968	0.030707228	0
69.71118088	0.029258472	0
70.30459329	0.027770271	0
70.82195418	0.026264079	0
71.29902186	0.024550349	0
71.68040564	0.022977192	0
71.99550726	0.021473123	0
72.26736038	0.019914736	0
72.4878906	0.018375775	0
72.64662928	0.016803488	0
72.763859	0.015277739	0
72.86056785	0.013980365	0
72.90676035	0.012564894	0
72.89015484	0.011290527	0
62.38988453	0.035216452	0
63.94267559	0.035690852	0
65.26164222	0.035130725	0
66.45726241	0.034496013	0
67.40341128	0.033500197	0
68.30671702	0.032176281	0
69.12348556	0.030787276	0
69.83233805	0.029206284	0
70.45304963	0.027789983	0
70.9860564	0.026263971	0
71.45197926	0.024598452	0
71.8081242	0.023021656	0
72.15718317	0.021405487	0
72.41665764	0.019841367	0
72.62337087	0.018341194	0
72.78916019	0.016775737	0
72.90087569	0.015349426	0
72.99518195	0.013926685	0
73.02319774	0.012606615	0
73.04547416	0.011247429	0
62.4715098	0.035410063	0
64.03684491	0.035815519	0
65.36627876	0.035484175	0
66.51990973	0.034669967	0
67.54414063	0.033354379	0
68.45544253	0.032209717	0
69.2305497	0.030807733	0
69.94010268	0.02934938	0
70.57639045	0.027762188	0
71.13970529	0.026249275	0
71.60574499	0.024609879	0
71.95168303	0.022958325	0
72.2844296	0.021377462	0
72.52939749	0.019786369	0
72.74643072	0.018240806	0
72.88666643	0.016716755	0
72.98054687	0.015252852	0
73.09364398	0.013845801	0
73.1269875	0.012489007	0
73.16237505	0.011134249	0
62.5043591	0.035669655	0
64.07916066	0.035860905	0
65.4425922	0.035423994	0
66.62509238	0.034709065	0
67.66651812	0.033618666	0
68.53945118	0.032194462	0
69.37522627	0.030790548	0
70.10357294	0.029308805	0
70.71712473	0.02773709	0
71.25471173	0.026156237	0
71.72342609	0.024580926	0
72.10162906	0.022969385	0
72.40467683	0.021358377	0
72.67482839	0.019819165	0
72.87867208	0.018164043	0
73.02523767	0.016608373	0
73.14670496	0.015157541	0
73.21098319	0.013802998	0
73.23861389	0.012361422	0
73.2303417	0.01106016	0
62.58731394	0.036215977	0
64.17975636	0.036121401	0
65.5489948	0.03560261	0
66.73583874	0.034661537	0
67.78698753	0.033726041	0
68.67581573	0.032259061	0
69.47937547	0.030922604	0
70.22053098	0.029341764	0
70.83456324	0.027749405	0
71.376069	0.026154214	0
71.83676879	0.024531869	0
72.23057942	0.022911378	0
72.54711375	0.021281012	0
72.80673591	0.019736995	0
72.99909687	0.018083637	0
73.15435038	0.016572941	0
73.2600986	0.01511544	0
73.30979414	0.013639683	0
73.34553516	0.012303627	0
73.34352624	0.010993371	0
62.68125557	0.036654036	0
64.29227544	0.036530353	0
65.64761907	0.035888658	0
66.87051721	0.034947858	0
67.90114767	0.0337603	0
68.77607179	0.032255607	0
69.61205537	0.030999934	0
70.33808225	0.029364199	0
70.94737912	0.027745213	0
71.50699474	0.026131432	0
71.94050366	0.024446288	0
72.32481115	0.022813337	0
72.64543592	0.021208939	0
72.91860747	0.019657366	0
73.08273979	0.018040728	0
73.24460904	0.016528639	0
73.31971048	0.014950822	0
73.37606882	0.013557056	0
73.40308432	0.012213507	0
73.40901963	0.010934316	0
62.77477899	0.036865337	0
64.39375912	0.036876816	0
65.78514817	0.036204298	0
66.99227833	0.0352288	0
67.99955245	0.034031567	0
68.95390408	0.032373906	0
69.71816725	0.030985002	0
70.44039257	0.029388747	0
71.06779374	0.027745883	0
71.60103914	0.026052498	0
72.05261702	0.024442513	0
72.4484756	0.02283247	0
72.74197541	0.021160362	0
72.98718552	0.019651806	0
73.17927858	0.017976424	0
73.31199727	0.016448338	0
73.41330306	0.014944899	0
73.46064841	0.013507508	0
73.48842318	0.01215161	0
73.47630827	0.010845493	0
62.87622368	0.03724841	0
64.46782129	0.037149457	0
65.85827889	0.036389559	0
67.06937309	0.035249937	0
68.12590395	0.033935573	0
69.00027815	0.03249372	0
69.82131305	0.030950673	0
70.53937071	0.029366973	0
71.15712453	0.027633531	0
71.7014683	0.0260686	0
72.15400729	0.024433437	0
72.52425525	0.022782978	0
72.84169498	0.021076943	0
73.06515615	0.019447882	0
73.26204333	0.017889875	0
73.40453153	0.01633975	0
73.49370185	0.014871878	0
73.55225749	0.013478299	0
73.57736636	0.01213099	0
73.55435137	0.010826594	0
62.92106167	0.037662448	0
64.55275832	0.037356695	0
65.92659535	0.03661051	0
67.13405316	0.035365267	0
68.18818524	0.034000773	0
69.12351891	0.032626195	0
69.92902222	0.031016132	0
70.65832539	0.02950737	0
71.26457502	0.027733129	0
71.8140178	0.026081683	0
72.25259494	0.024338189	0
72.62501515	0.022700713	0
72.92759832	0.021074399	0
73.15735511	0.019403505	0
73.32470207	0.017816942	0
73.48084223	0.016217717	0
73.57082462	0.014797227	0
73.62885317	0.013405635	0
73.6299021	0.012057134	0
73.62286769	0.010742439	0
63.0459362	0.038029273	0
64.65327651	0.037843512	0
66.02884937	0.03690889	0
67.19448135	0.035491753	0
68.26737328	0.034063686	0
69.21450388	0.032654649	0
70.05475972	0.030989647	0
70.75586214	0.029467004	0
71.37055429	0.027700934	0
71.91246387	0.026010208	0
72.35195901	0.024276952	0
72.71834102	0.022652536	0
73.03311699	0.020961126	0
73.25616599	0.019360441	0
73.42827385	0.017779721	0
73.56644798	0.016183789	0
73.64865427	0.014733428	0
73.68328572	0.013335015	0
73.6919994	0.011974649	0
73.67205592	0.010648004	0
63.09715281	0.038513454	0
64.70975883	0.038163358	0
66.10192244	0.037019042	0
67.31548443	0.035518257	0
68.310488	0.034106659	0
69.28327973	0.032714972	0
70.0971308	0.031007393	0
70.81916825	0.029381844	0
71.44947551	0.027691034	0
71.98454983	0.025979572	0
72.43761931	0.024337941	0
72.80383339	0.022601087	0
73.09861865	0.020899164	0
73.32788582	0.019281851	0
73.50005214	0.017702716	0
73.64004263	0.016160966	0
73.71955467	0.014705624	0
73.75362845	0.013250773	0
73.75890168	0.011914773	0
73.73315922	0.010627055	0
63.17993855	0.03913387	0
64.7954318	0.038148575	0
66.18338793	0.037219029	0
67.41544987	0.035581219	0
68.4153025	0.034150015	0
69.37659406	0.032553524	0
70.20437363	0.031087146	0
70.940781	0.029407885	0
71.55662936	0.02773547	0
72.08847455	0.026005571	0
72.54187615	0.02430517	0
72.91228655	0.022552993	0
73.19518136	0.020904712	0
73.4184259	0.019189231	0
73.58948922	0.017603113	0
73.71036608	0.016000345	0
73.80190027	0.014629528	0
73.83607909	0.013187201	0
73.82445019	0.01176656	0
73.79583863	0.010510437	0
61.31399219	0.030720479	3
62.70616878	0.032082215	3
63.86168747	0.032482013	3
64.87514029	0.032262563	3
65.7592145	0.031614146	3
66.53426737	0.030719558	3
67.21974511	0.029623408	3
67.83474654	0.028396515	3
68.40532331	0.027019397	3
68.90845262	0.025622378	3
69.34034373	0.02410361	3
69.69748215	0.022624034	3
69.98558804	0.021239516	3
70.24157785	0.019678882	3
70.48921854	0.018252569	3
70.65773936	0.016798722	3
70.78311325	0.015389527	3
70.82793464	0.014040207	3
70.87160729	0.01266974	3
70.89631449	0.011394216	3
61.41484309	0.03101992	3
62.81214151	0.032209919	3
64.00146176	0.032640131	3
65.03258552	0.032374032	3
65.91718443	0.031710605	3
66.71114667	0.030816469	3
67.40890089	0.029663083	3
68.02994876	0.028412087	3
68.57398993	0.027008547	3
69.0956388	0.025610502	3
69.52670466	0.024132761	3
69.89602374	0.022653084	3
70.21442772	0.021143803	3
70.46892964	0.019655502	3
70.68127482	0.018211929	3
70.86644251	0.01673985	3
70.9759423	0.015311	3
71.06575868	0.01395263	3
71.11711694	0.01267591	3
71.14020222	0.011411793	3
61.4977866	0.031235558	3
62.93595481	0.032476328	3
64.15748287	0.03287624	3
65.20699567	0.03253426	3
66.12823936	0.031786337	3
66.92866034	0.030859614	3
67.65960631	0.02977144	3
68.29949415	0.028448959	3
68.86383648	0.027039441	3
69.37544811	0.025606638	3
69.84104665	0.02411093	3
70.2170895	0.022619979	3
70.51161884	0.021125207	3
70.78750857	0.019608099	3
71.02745766	0.018214368	3
71.1792645	0.016775589	3
71.29556377	0.015302136	3
71.38578442	0.013948828	3
71.4606635	0.012681717	3
71.43480932	0.011370123	3
61.58328661	0.031563635	3
63.05546602	0.032669245	3
64.2758651	0.032970453	3
65.36438716	0.03255628	3
66.31762766	0.031850378	3
67.14617589	0.030925701	3
67.87918255	0.029766734	3
68.52822424	0.028488679	3
69.1205163	0.02706832	3
69.64591437	0.02559326	3
70.09947604	0.024074115	3
70.45507965	0.022556266	3
70.76753101	0.02104253	3
71.03661059	0.019545734	3
71.26149744	0.018069144	3
71.42151484	0.016686676	3
71.56139373	0.015255126	3
71.64761908	0.013866804	3
71.69977937	0.012548036	3
71.73187605	0.011308753	3
61.66659017	0.031836888	3
63.14974731	0.032968607	3
64.40633177	0.033091233	3
65.49025303	0.032709961	3
66.47188455	0.031925978	3
67.31406085	0.030962737	3
68.05887303	0.029752375	3
68.7394323	0.028459753	3
69.31473926	0.027011834	3
69.83877967	0.025463932	3
70.30967794	0.024058026	3
70.69513808	0.022566581	3
71.04239798	0.021002254	3
71.29022931	0.019486097	3
71.50357443	0.018081645	3
71.68554173	0.016559046	3
71.80781642	0.015184927	3
71.88281389	0.013855889	3
71.94474189	0.012514729	3
71.96433749	0.011232229	3
61.73849197	0.032079834	3
63.24421796	0.033084274	3
64.51896573	0.033232562	3
65.63392648	0.032776745	3
66.59848924	0.032016906	3
67.47065036	0.031007603	3
68.23261543	0.029768086	3
68.90779885	0.028424622	3
69.53349757	0.027014712	3
70.0505065	0.025553373	3
70.50887416	0.024006713	3
70.91320557	0.022466545	3
71.220423	0.020981368	3
71.49842873	0.01944859	3
71.72452949	0.018001742	3
71.89371897	0.016556735	3
72.01164458	0.015176537	3
72.08668488	0.013810305	3
72.12067429	0.012478404	3
72.15090532	0.011205524	3
61.82215278	0.032441635	3
63.35449807	0.033347036	3
64.63529712	0.033381479	3
65.76081054	0.032900617	3
66.74622039	0.032068083	3
67.61913723	0.031074888	3
68.38946015	0.029800872	3
69.07666248	0.028394454	3
69.70725029	0.026961637	3
70.2150456	0.02551796	3
70.68366332	0.023979051	3
71.06964305	0.022484892	3
71.40545156	0.020908769	3
71.67579185	0.019417296	3
71.87031945	0.017957793	3
72.0391465	0.016498946	3
72.16043338	0.015090531	3
72.24383227	0.013749914	3
72.30760012	0.012376661	3
72.30065745	0.011162742	3
61.92124212	0.032826455	3
63.43368089	0.033561924	3
64.73509459	0.033596216	3
65.87585396	0.03302794	3
66.86519019	0.032102964	3
67.7540022	0.031118022	3
68.52885556	0.029802897	3
69.21840369	0.028380407	3
69.84605359	0.027024387	3
70.36650395	0.025474085	3
70.82671867	0.023947659	3
71.24236668	0.022378879	3
71.54062249	0.020881392	3
71.80770426	0.019399138	3
72.01840608	0.017887935	3
72.17394351	0.016412059	3
72.29963624	0.015001228	3
72.3977191	0.013651845	3
72.43890214	0.012307097	3
72.45361928	0.011038771	3
61.99987988	0.033060565	3
63.54490405	0.033837161	3
64.84442006	0.033760356	3
65.97811583	0.033138811	3
66.99501417	0.032262803	3
67.8598266	0.031054483	3
68.66848944	0.029812366	3
69.38193944	0.028381581	3
69.99374424	0.026981796	3
70.50756361	0.025475428	3
70.98577854	0.023878126	3
71.37746224	0.022309295	3
71.67855046	0.02083052	3
71.9462874	0.019316806	3
72.15711577	0.017828526	3
72.32553327	0.016316467	3
72.43237869	0.014906719	3
72.52935027	0.013582339	3
72.57930202	0.012268376	3
72.56384726	0.011017603	3
62.08271781	0.033515945	3
63.60712698	0.034083533	3
64.91502071	0.033880837	3
66.10071073	0.033269389	3
67.07891969	0.032363891	3
67.98578833	0.031168602	3
68.81336182	0.029847102	3
69.52091048	0.02837573	3
70.13701403	0.026951641	3
70.65411666	0.025422447	3
71.1271426	0.02388047	3
71.48775231	0.022281034	3
71.81655923	0.02077292	3
72.07363124	0.019252331	3
72.280094	0.017754973	3
72.43462935	0.016277518	3
72.54182325	0.014870752	3
72.62442189	0.013515976	3
72.65789645	0.01220474	3
72.67515393	0.010947982	3
62.15460571	0.033763175	3
63.7056344	0.034335055	3
65.02166315	0.034106052	3
66.17960084	0.033423472	3
67.21362412	0.032340267	3
68.1189724	0.031184004	3
68.92094721	0.029844801	3
69.62627958	0.028498814	3
70.24981038	0.026935238	3
70.80124713	0.025411453	3
71.26617889	0.023850545	3
71.61932297	0.022276964	3
71.93863948	0.020725462	3
72.19221433	0.019181677	3
72.39324645	0.017694069	3
72.53933528	0.016193687	3
72.64359662	0.014793308	3
72.7197084	0.013434699	3
72.76699368	0.012108878	3
72.78020308	0.010863025	3
62.20697022	0.033925903	3
63.74921079	0.03433176	3
65.09480621	0.034127346	3
66.27768201	0.033560187	3
67.31589425	0.032488759	3
68.21713323	0.031210146	3
69.043909	0.029883118	3
69.77217897	0.028484332	3
70.39102467	0.026894308	3
70.93641701	0.025381202	3
71.39832906	0.023835682	3
71.77121686	0.022269261	3
72.07214851	0.020687865	3
72.32974003	0.019175094	3
72.51897665	0.017627518	3
72.66422724	0.016128323	3
72.77905323	0.014748409	3
72.84025989	0.013398378	3
72.86342375	0.012055239	3
72.85212824	0.010793115	3
62.289249	0.034263705	3
63.84848032	0.034659184	3
65.19171967	0.03432525	3
66.37384753	0.033511073	3
67.43441848	0.032588056	3
68.34278534	0.031233821	3
69.14464466	0.029934998	3
69.88604357	0.028478896	3
70.50519159	0.026922918	3
71.0488423	0.025377287	3
71.49994549	0.023769837	3
71.89130839	0.022220372	3
72.19591783	0.020634792	3
72.45658561	0.019118805	3
72.64674473	0.017550581	3
72.78944755	0.016086459	3
72.88664541	0.014676228	3
72.9332823	0.013275097	3
72.96629819	0.011978431	3
72.95601871	0.010737552	3
62.36736335	0.034636665	3
63.94082619	0.034893087	3
65.28959444	0.034496461	3
66.50314868	0.033809411	3
67.54704274	0.0326623	3
68.44022011	0.031250031	3
69.2756938	0.029994273	3
69.99293651	0.028471675	3
70.61225996	0.026950841	3
71.1608935	0.025356021	3
71.60547883	0.023701571	3
71.9835891	0.022151458	3
72.30402983	0.020577995	3
72.55187464	0.01903558	3
72.73322119	0.017492263	3
72.87279671	0.015996417	3
72.9498024	0.014588683	3
73.00510159	0.013202137	3
73.02837201	0.011908165	3
73.02447924	0.01064239	3
62.45087366	0.034936351	3
64.02923768	0.035252637	3
65.40524503	0.034810275	3
66.6192729	0.033918383	3
67.65323372	0.032807354	3
68.59741888	0.031405657	3
69.40228817	0.03002484	3
70.10696207	0.028502248	3
70.72806057	0.026883758	3
71.2711967	0.025307737	3
71.71870201	0.02367557	3
72.10043516	0.022117307	3
72.39305249	0.020515978	3
72.6383069	0.018974961	3
72.82294487	0.017422505	3
72.94841468	0.015942057	3
73.0406899	0.014514595	3
73.08640726	0.013132547	3
73.11025455	0.011838959	3
73.09375841	0.010566684	3
62.52419769	0.035218922	3
64.11139715	0.035397655	3
65.48749114	0.034954366	3
66.70332403	0.033960206	3
67.76379299	0.032826861	3
68.66801976	0.031524126	3
69.5025388	0.030051057	3
70.20655683	0.028531879	3
70.82892026	0.026843319	3
71.36708711	0.025296367	3
71.82442914	0.023705051	3
72.18626559	0.022055466	3
72.49935324	0.020456739	3
72.72182761	0.018858912	3
72.90589059	0.017341311	3
73.03861826	0.015870151	3
73.13325059	0.014442927	3
73.180669	0.013065306	3
73.19556261	0.011768705	3
73.17091839	0.01050341	3
62.60811901	0.035622914	3
64.2172206	0.035823426	3
65.56474927	0.035161933	3
66.76889797	0.034064276	3
67.84871115	0.032872909	3
68.78651679	0.031593156	3
69.61498501	0.030092349	3
70.32909002	0.02854622	3
70.94375502	0.026893504	3
71.48405093	0.025306245	3
71.92827137	0.023640862	3
72.29235079	0.0219935	3
72.58718074	0.020410887	3
72.81451464	0.018818054	3
72.98498603	0.017289212	3
73.11940375	0.015779501	3
73.20060237	0.014373821	3
73.2520338	0.012992189	3
73.26289867	0.011697269	3
73.24311942	0.010426931	3
62.70663233	0.036165425	3
64.28863796	0.035990883	3
65.66471899	0.035365823	3
66.85406439	0.034149828	3
67.93044538	0.032962876	3
68.88396925	0.0316523	3
69.71907081	0.030110549	3
70.44012045	0.028557247	3
71.04697972	0.026892356	3
71.58308792	0.025263227	3
72.02103985	0.02359628	3
72.39342281	0.021981553	3
72.68255613	0.020338749	3
72.90552243	0.018754867	3
73.07919402	0.017229891	3
73.19923556	0.015726354	3
73.28077101	0.014295234	3
73.31565905	0.012946243	3
73.31915154	0.011636727	3
73.29763755	0.010352935	3
62.79080095	0.036485465	3
64.37393954	0.036260478	3
65.7592062	0.035554515	3
66.97947566	0.034314647	3
67.99863689	0.033009215	3
68.96637248	0.031652426	3
69.79320926	0.030106543	3
70.51769922	0.028531355	3
71.13779314	0.026899309	3
71.6637847	0.025182604	3
72.10878483	0.023575874	3
72.47840653	0.021954816	3
72.76310988	0.020286972	3
72.97886683	0.018695035	3
73.14621345	0.017129149	3
73.26629359	0.015644948	3
73.34941728	0.014236423	3
73.38275139	0.012868366	3
73.37836573	0.01155554	3
73.35592233	0.010295972	3
62.8831251	0.036856596	3
64.49111077	0.036646806	3
65.87068476	0.035748048	3
67.07558065	0.034399305	3
68.08884063	0.033057796	3
69.06759134	0.031658854	3
69.89899942	0.03009636	3
70.62554338	0.028553483	3
71.24189524	0.026850882	3
71.76567431	0.025179103	3
72.21269058	0.02353232	3
72.57125045	0.021865897	3
72.84793307	0.020219866	3
73.06285712	0.018615437	3
73.22539971	0.017064272	3
73.3459091	0.015562444	3
73.42501219	0.014156789	3
73.45562682	0.012786798	3
73.43893711	0.011461837	3
73.4105877	0.010229467	3
60.38463262	0.027266292	6
61.74153603	0.028800288	6
62.88572296	0.029315625	6
63.89731996	0.029288426	6
64.79570557	0.028822881	6
65.58647729	0.02809448	6
66.2875828	0.027136376	6
66.91321814	0.02601086	6
67.49140723	0.024768848	6
68.00084778	0.023516526	6
68.43527466	0.022108278	6
68.79340071	0.020764073	6
69.08090957	0.019512374	6
69.32948573	0.018101057	6
69.5677311	0.016807968	6
69.72736796	0.015504892	6
69.8486234	0.014272216	6
69.88743493	0.013036249	6
69.92797496	0.011833113	6
69.94593889	0.010685139	6
60.48377956	0.02747551	6
61.84215574	0.028798086	6
63.02354708	0.029429549	6
64.05440244	0.02934198	6
64.95075828	0.028885607	6
65.7604073	0.028146713	6
66.48242389	0.027165455	6
67.11489298	0.026020075	6
67.66847131	0.024787922	6
68.19128189	0.023478652	6
68.62428487	0.022116615	6
68.99268054	0.020774964	6
69.30132434	0.01937591	6
69.5441241	0.018080736	6
69.75519654	0.016757246	6
69.92865679	0.015424113	6
70.03191525	0.014170973	6
70.11819445	0.012945254	6
70.16075245	0.011822605	6
70.17299828	0.010705238	6
60.57078427	0.027593522	6
61.96787165	0.028977727	6
63.17802965	0.029629465	6
64.2318912	0.029493058	6
65.16755047	0.028959773	6
65.98037137	0.028155854	6
66.72423718	0.027199623	6
67.37605247	0.026005444	6
67.94787279	0.024765481	6
68.45922594	0.023442437	6
68.91997246	0.022096103	6
69.29139668	0.020729842	6
69.58161913	0.019397132	6
69.8512094	0.018000655	6
70.08248401	0.016730492	6
70.22480581	0.01545435	6
70.33293479	0.014155063	6
70.41707715	0.012939008	6
70.48363689	0.011816844	6
70.45065989	0.010671037	6
60.67315457	0.02789577	6
62.09842363	0.029183506	6
63.30119147	0.029677838	6
64.38663984	0.029479667	6
65.34392314	0.028974092	6
66.18671972	0.028198629	6
66.93253241	0.02720931	6
67.59494334	0.026061755	6
68.18659374	0.024776198	6
68.71610249	0.02341512	6
69.16738929	0.022048964	6
69.51825889	0.020658946	6
69.82113814	0.019279765	6
70.08494843	0.017967974	6
70.29851778	0.016598618	6
70.449134	0.015382068	6
70.58098116	0.01411396	6
70.6564234	0.012871316	6
70.70256254	0.011688138	6
70.72553207	0.010623243	6
60.76447923	0.028078841	6
62.19876405	0.029417612	6
63.43382864	0.029806632	6
64.52209789	0.029647773	6
65.5103256	0.029020804	6
66.3624562	0.028224332	6
67.11601089	0.027194961	6
67.79240789	0.026019182	6
68.37340066	0.0247107	6
68.89221075	0.023308888	6
69.36133903	0.022044862	6
69.74104538	0.020651401	6
70.07753277	0.019230629	6
70.31756585	0.017876466	6
70.51684775	0.016617313	6
70.68968082	0.015233574	6
70.80404104	0.014031196	6
70.87586702	0.012828753	6
70.92749572	0.011656465	6
70.93833653	0.010526954	6
60.85515586	0.028259391	6
62.30485874	0.029525994	6
63.56439054	0.029934074	6
64.66924367	0.029715473	6
65.63210551	0.029110532	6
66.51550711	0.028261803	6
67.2860158	0.027215236	6
67.9623761	0.02600842	6
68.59145864	0.024717737	6
69.10523673	0.02338217	6
69.55351294	0.021983625	6
69.94568951	0.020573755	6
70.23928645	0.019241197	6
70.51070761	0.017841462	6
70.72410783	0.016527237	6
70.88343501	0.015237037	6
70.99106191	0.014017345	6
71.05524827	0.012783503	6
71.08260394	0.011593735	6
71.10737454	0.010482624	6
60.9438408	0.028613374	6
62.42960943	0.029746314	6
63.68995998	0.030055394	6
64.80993789	0.02980281	6
65.79543081	0.029163118	6
66.66740242	0.028319011	6
67.43997558	0.02721319	6
68.13202576	0.025974056	6
68.76183232	0.0246795	6
69.25908475	0.023341603	6
69.71497427	0.021933182	6
70.09705237	0.02057717	6
70.42250097	0.019145514	6
70.67966406	0.017802087	6
70.86357169	0.016487739	6
71.02413092	0.015176025	6
71.13326035	0.013935922	6
71.20307773	0.012738227	6
71.25865259	0.011522386	6
71.24691753	0.010440046	6
61.05457917	0.028880808	6
62.52056823	0.02995285	6
63.80510864	0.030251487	6
64.93788705	0.029908337	6
65.9227661	0.029185788	6
66.80602377	0.028344483	6
67.59056362	0.027218172	6
68.28275918	0.025942596	6
68.90068771	0.024707965	6
69.40992321	0.023327285	6
69.86336966	0.021941613	6
70.26251194	0.020486798	6
70.54549995	0.019124824	6
70.80518167	0.017770389	6
70.99851177	0.016418253	6
71.14856049	0.015094565	6
71.26533276	0.013832795	6
71.35154351	0.012627137	6
71.38314914	0.011444117	6
71.38964547	0.010324806	6
61.13000696	0.029065858	6
62.63976677	0.030163078	6
63.92297763	0.030323847	6
65.04957714	0.029996317	6
66.06407358	0.029307545	6
66.92989197	0.028299488	6
67.73548745	0.027210497	6
68.44675973	0.025955992	6
69.04746335	0.024655831	6
69.55524893	0.023301679	6
70.02313248	0.021808648	6
70.39849644	0.020408153	6
70.6882366	0.019070733	6
70.94193111	0.017702629	6
71.13915291	0.016362623	6
71.29400455	0.015008469	6
71.39247561	0.013740982	6
71.47499564	0.012564487	6
71.51299992	0.011394339	6
71.49154253	0.010293958	6
61.19899753	0.029420094	6
62.68211001	0.030369383	6
63.96649167	0.03045369	6
65.15156602	0.03007016	6
66.12897401	0.029383573	6
67.04435029	0.02840164	6
67.87426678	0.027256812	6
68.57548406	0.025928924	6
69.19086401	0.024630036	6
69.708094	0.023259417	6
70.16638396	0.021826659	6
70.51461231	0.020380866	6
70.83711864	0.018985706	6
71.08045715	0.017633062	6
71.27547789	0.016291874	6
71.42077077	0.014952999	6
71.51884981	0.013711021	6
71.58900885	0.0125167	6
71.61095093	0.011369461	6
71.6210978	0.010227792	6
61.26741112	0.029650917	6
62.77562685	0.030558291	6
64.07442983	0.030650369	6
65.22944433	0.030219554	6
66.27073385	0.029378411	6
67.17737756	0.028414224	6
67.98079477	0.027245667	6
68.68371784	0.026026247	6
69.30685024	0.024617714	6
69.85132063	0.023221526	6
70.30856029	0.021792192	6
70.64759266	0.020359265	6
70.95583062	0.018948816	6
71.19380385	0.017561224	6
71.38245104	0.016240958	6
71.51492233	0.014877233	6
71.60505209	0.013644879	6
71.67695291	0.012431005	6
71.71004642	0.011254232	6
71.7222086	0.010150144	6
61.31835847	0.029821307	6
62.8251078	0.030583543	6
64.15489468	0.030690707	6
65.33404586	0.030346441	6
66.37640947	0.029497534	6
67.27692224	0.028409952	6
68.11197181	0.02726473	6
68.83781968	0.026009615	6
69.45106067	0.024573638	6
69.98013442	0.023198295	6
70.4330314	0.021776411	6
70.79063486	0.020347031	6
71.07784144	0.018923761	6
71.3223018	0.017552491	6
71.50486097	0.016162069	6
71.63722438	0.014804529	6
71.73727635	0.013600313	6
71.79059645	0.012404271	6
71.80583449	0.011212817	6
71.78857056	0.010088289	6
61.40490522	0.030095364	6
62.93070626	0.030862923	6
64.25895009	0.030821007	6
65.44194078	0.030330381	6
66.50626839	0.029624749	6
67.41561983	0.028470976	6
68.21606873	0.027336011	6
68.95208279	0.026000206	6
69.56137902	0.024600256	6
70.09203394	0.023188352	6
70.53525443	0.021716093	6
70.91005473	0.020303758	6
71.20129821	0.0188516	6
71.44348583	0.017492524	6
71.62378643	0.016080061	6
71.75191152	0.014789166	6
71.83931841	0.013543287	6
71.87627354	0.012291872	6
71.89903657	0.01113767	6
71.88162995	0.010042325	6
61.49067882	0.030458134	6
63.03778159	0.031075103	6
64.36459327	0.030968079	6
65.57643044	0.030556858	6
66.61834493	0.029653435	6
67.51143673	0.028472968	6
68.34585495	0.027381026	6
69.05965672	0.025994747	6
69.66548641	0.02462195	6
70.20469207	0.023165872	6
70.63051149	0.021666186	6
70.99152215	0.020233022	6
71.29755327	0.018803588	6
71.53016062	0.017416516	6
71.69937283	0.016046491	6
71.82727785	0.014719247	6
71.89071664	0.013457483	6
71.9383006	0.012209629	6
71.94977687	0.011072429	6
71.94321409	0.009954333	6
61.58384034	0.030654327	6
63.13003449	0.031356082	6
64.49016423	0.031247621	6
65.6957417	0.030642675	6
66.72384332	0.029789773	6
67.67012161	0.028605991	6
68.46301597	0.02740612	6
69.16275294	0.026017972	6
69.77050952	0.02455384	6
70.29616713	0.023120151	6
70.73459501	0.021640713	6
71.1003854	0.020203259	6
71.37680073	0.018757741	6
71.6060843	0.017377135	6
71.77946035	0.015976474	6
71.89310133	0.014654777	6
71.97469142	0.013373165	6
72.00872119	0.012152536	6
72.02775493	0.011011564	6
72.00514537	0.009874337	6
61.66458053	0.030922462	6
63.21609391	0.031510622	6
64.56761863	0.031368313	6
65.77452706	0.030676603	6
66.83315886	0.029787111	6
67.72807449	0.02870823	6
68.55621896	0.027424873	6
69.25146061	0.026036604	6
69.86170035	0.024516146	6
70.38725546	0.023105645	6
70.82626599	0.021648367	6
71.17476097	0.020160806	6
71.47156761	0.018706081	6
71.67901048	0.01725186	6
71.85171246	0.015918767	6
71.9731371	0.014574001	6
72.0522479	0.013304875	6
72.09329503	0.012107335	6
72.10314281	0.010954039	6
72.07240391	0.009825513	6
61.7429209	0.031205378	6
63.31235265	0.031827807	6
64.63441644	0.031536851	6
65.83221241	0.030820556	6
66.90518142	0.029862234	6
67.83366394	0.028786898	6
68.65377101	0.027453988	6
69.36498925	0.026070167	6
69.9669591	0.024566818	6
70.49175647	0.023108139	6
70.91804292	0.021586979	6
71.26671284	0.020088548	6
71.54941437	0.018666192	6
71.76194003	0.01721653	6
71.91914581	0.015848082	6
72.04590455	0.01451116	6
72.11755087	0.013265464	6
72.16046197	0.012041836	6
72.15971546	0.010880719	6
72.13759517	0.009752822	6
61.83234915	0.031576339	6
63.37087366	0.031945583	6
64.7268192	0.03171227	6
65.90400055	0.030929767	6
66.97892512	0.029932891	6
67.92583131	0.02882964	6
68.7579415	0.027483538	6
69.46494384	0.02607181	6
70.06028515	0.024561957	6
70.5827784	0.023059069	6
71.002723	0.021527747	6
71.35665648	0.020063649	6
71.63774174	0.018572875	6
71.84656776	0.017166823	6
72.00597307	0.015798654	6
72.11584513	0.014439588	6
72.18806368	0.013175608	6
72.2129578	0.011983574	6
72.21271396	0.010813678	6
72.18720027	0.009671453	6
61.89571447	0.031929277	6
63.4481187	0.032252041	6
64.8048424	0.031885043	6
66.01838639	0.031032837	6
67.03695542	0.030004705	6
68.00156675	0.02885388	6
68.8164202	0.027497913	6
69.53697256	0.026058968	6
70.14437911	0.024558783	6
70.6554261	0.022994626	6
71.08269429	0.021530343	6
71.43668127	0.020034405	6
71.70966651	0.018536859	6
71.91606953	0.017131164	6
72.07161683	0.015712498	6
72.18303768	0.0143956	6
72.25457792	0.013145821	6
72.27991881	0.011921608	6
72.27039123	0.010742255	6
72.24389511	0.009629941	6
61.98012401	0.032259494	6
63.55005259	0.032529503	6
64.91057434	0.032095599	6
66.11648679	0.031113825	6
67.12497856	0.030056821	6
68.09635793	0.028859853	6
68.92321018	0.027466731	6
69.63586376	0.026053455	6
70.24253342	0.024528079	6
70.75339938	0.022988112	6
71.18575364	0.021468369	6
71.53462242	0.019960196	6
71.79450427	0.018490534	6
71.99642887	0.0170124	6
72.14883251	0.015634997	6
72.25795184	0.014291256	6
72.32864446	0.013057806	6
72.3528233	0.011830675	6
72.32775011	0.010639935	6
72.29757782	0.009545428	6
59.08575184	0.022877964	9
60.38809076	0.024443317	9
61.49640386	0.025058827	9
62.49407117	0.025083792	9
63.3802375	0.024781262	9
64.17758924	0.024239889	9
64.88388167	0.023426796	9
65.51636186	0.022489114	9
66.0899755	0.02140736	9
66.59066741	0.020354197	9
67.01335591	0.019169149	9
67.36028793	0.018033252	9
67.63152285	0.016989321	9
67.87103502	0.015827543	9
68.09560423	0.014750145	9
68.24168442	0.013695315	9
68.34941406	0.012695812	9
68.381779	0.011699449	9
68.4144451	0.010729373	9
68.42422331	0.009817433	9
59.19849004	0.02306078	9
60.49651674	0.02448397	9
61.649005	0.025147878	9
62.66435422	0.025155248	9
63.55709855	0.024812635	9
64.3671266	0.024208933	9
65.0901189	0.023419	9
65.72708466	0.022502456	9
66.27730967	0.021420902	9
66.78922112	0.020324416	9
67.21015919	0.019156732	9
67.56237677	0.018040785	9
67.86105939	0.016925958	9
68.09412418	0.015812534	9
68.28254407	0.014744663	9
68.44504299	0.013627669	9
68.53735525	0.012631594	9
68.60707929	0.0116592	9
68.6428753	0.010736437	9
68.64893567	0.009837375	9
59.28528566	0.023198192	9
60.62988476	0.02464131	9
61.80306006	0.025212181	9
62.84043961	0.025266219	9
63.7635562	0.024872662	9
64.58067968	0.024259492	9
65.32284016	0.023434962	9
65.97359833	0.022464533	9
66.54474024	0.021376139	9
67.04846095	0.020255132	9
67.49819962	0.019133248	9
67.85407518	0.017991258	9
68.12798725	0.016888742	9
68.38142864	0.015734	9
68.59194833	0.014719561	9
68.72376586	0.013668996	9
68.82096609	0.012619682	9
68.89048779	0.01164002	9
68.94610492	0.010733155	9
68.91234489	0.009806634	9
59.37573996	0.023421062	9
60.7494385	0.024779674	9
61.92769594	0.025309253	9
62.99879726	0.025236114	9
63.94881643	0.024851307	9
64.78897084	0.02428187	9
65.53347447	0.023438908	9
66.19190811	0.022490647	9
66.7749185	0.021389658	9
67.29135109	0.020259334	9
67.72664869	0.019091238	9
68.0621546	0.017924532	9
68.35181557	0.016785717	9
68.59642044	0.015687945	9
68.79444161	0.014576154	9
68.93002692	0.013599845	9
69.04683337	0.012558146	9
69.11262841	0.01156258	9
69.14652606	0.010613675	9
69.16239693	0.009752806	9
59.45980559	0.02359441	9
60.85192261	0.024924509	9
62.05950957	0.025427339	9
63.12948324	0.025359525	9
64.10387919	0.024906558	9
64.95156906	0.024291495	9
65.70899839	0.023413453	9
66.38579944	0.022423858	9
66.95604205	0.021332216	9
67.46672655	0.020149979	9
67.91291957	0.019095292	9
68.27145856	0.017923136	9
68.58973748	0.01673424	9
68.81497179	0.015614797	9
68.99949888	0.014605418	9
69.15620606	0.013487375	9
69.25584026	0.012502811	9
69.31162625	0.011537193	9
69.35303502	0.010589093	9
69.35780525	0.009687029	9
59.53687429	0.023746239	9
60.94488342	0.025005391	9
62.17570201	0.025490793	9
63.2726843	0.025398323	9
64.23026415	0.024948499	9
65.10499844	0.024287572	9
65.8748853	0.02341946	9
66.54738382	0.022399511	9
67.16105379	0.021307754	9
67.65816445	0.020201948	9
68.09216649	0.019033982	9
68.46560303	0.017821592	9
68.74425057	0.016737986	9
68.99557171	0.015579813	9
69.19183968	0.014493638	9
69.33540295	0.013466817	9
69.43005933	0.012469114	9
69.48457759	0.0114966	9
69.50136112	0.010543386	9
69.51487219	0.009645565	9
59.61720644	0.023996206	9
61.05939835	0.025155076	9
62.29441609	0.02557792	9
63.40040498	0.025453038	9
64.37859509	0.02498632	9
65.25113727	0.024319975	9
66.02127394	0.02340664	9
66.70665412	0.022372076	9
67.32185225	0.021273841	9
67.80588812	0.020173046	9
68.24639004	0.018986136	9
68.60237158	0.017831471	9
68.90985648	0.016641877	9
69.15069391	0.015533028	9
69.31787586	0.014480973	9
69.46090869	0.013429602	9
69.55817762	0.012414208	9
69.61928002	0.011451388	9
69.66432425	0.010483073	9
69.64403295	0.00960806	9
59.72169077	0.024209208	9
61.14024382	0.025342905	9
62.3950852	0.025713947	9
63.51778732	0.025524273	9
64.49771841	0.025051286	9
65.38460628	0.024366955	9
66.15667149	0.023388549	9
66.84104254	0.022370943	9
67.4491485	0.021285705	9
67.94620055	0.020138598	9
68.3760433	0.018973723	9
68.75815722	0.017728872	9
69.02740686	0.01662784	9
69.26488621	0.015510114	9
69.44769969	0.01442686	9
69.57753782	0.013363904	9
69.67910222	0.012340833	9
69.75446474	0.011378874	9
69.77774806	0.01042962	9
69.77736488	0.009523337	9
59.79907012	0.024351881	9
61.25149826	0.025460115	9
62.50796324	0.025813359	9
63.62067934	0.025627972	9
64.62627109	0.025113792	9
65.49354664	0.024338372	9
66.29113063	0.023401081	9
66.995314	0.022346372	9
67.58647132	0.021244834	9
68.07516937	0.020117404	9
68.52074166	0.018858004	9
68.87947956	0.017675052	9
69.14887593	0.016561935	9
69.38804759	0.01545444	9
69.57032487	0.014375285	9
69.71025084	0.013261762	9
69.79513687	0.012252575	9
69.86899519	0.011320582	9
69.89991023	0.01038186	9
69.8717809	0.009482509	9
59.88061017	0.024637689	9
61.3154451	0.02564202	9
62.5772503	0.025902349	9
63.74420278	0.025708108	9
64.71550842	0.025199115	9
65.6115537	0.024378837	9
66.42929415	0.023431839	9
67.1216274	0.022326618	9
67.71761049	0.021230384	9
68.21042018	0.020087658	9
68.64660115	0.018883545	9
68.97739315	0.017659648	9
69.27136869	0.016516763	9
69.49982771	0.015406385	9
69.6782785	0.014319467	9
69.80629264	0.013234114	9
69.89291221	0.012247789	9
69.95234486	0.011272986	9
69.96894202	0.010357811	9
69.97251904	0.009438732	9
59.952059	0.024770469	9
61.41341454	0.025776644	9
62.6851636	0.026030963	9
63.82375204	0.025817623	9
64.84709241	0.025169922	9
65.74072297	0.02437519	9
66.53566762	0.023423784	9
67.22156031	0.022399997	9
67.82306375	0.021200821	9
68.34238342	0.020035712	9
68.77431061	0.018832159	9
69.09667855	0.017649107	9
69.38215686	0.016476291	9
69.60688848	0.01534288	9
69.77808014	0.014272232	9
69.89992649	0.013172802	9
69.97953759	0.012160606	9
70.03500553	0.011204208	9
70.06560808	0.01027461	9
70.06633255	0.00937292	9
60.00233483	0.02488143	9
61.4600845	0.025841366	9
62.76016189	0.026102569	9
63.92426505	0.025900116	9
64.94900338	0.025279307	9
65.84306505	0.024397339	9
66.65180272	0.023432365	9
67.35973244	0.02237953	9
67.95261866	0.021161219	9
68.46546617	0.01999588	9
68.89268891	0.018802216	9
69.23264415	0.01762871	9
69.50243814	0.016417743	9
69.72856779	0.015344849	9
69.89147836	0.01420944	9
70.01178786	0.013113201	9
70.10127077	0.012146135	9
70.14489023	0.011197216	9
70.15112437	0.010200722	9
70.13109983	0.009318865	9
60.08534153	0.025070616	9
61.55740212	0.02599783	9
62.85547038	0.026199039	9
64.01768817	0.025869379	9
65.06496479	0.025338045	9
65.9640895	0.024401649	9
66.75176427	0.023491675	9
67.46826875	0.022360768	9
68.0596184	0.021155863	9
68.56958529	0.019988207	9
68.98770904	0.018753312	9
69.34022285	0.017583375	9
69.61359425	0.016375865	9
69.84306163	0.015290719	9
70.00659899	0.014147613	9
70.1238681	0.013095199	9
70.19813697	0.012083842	9
70.22923088	0.011096019	9
70.24574041	0.010157258	9
70.22639856	0.009281607	9
60.16364746	0.025355154	9
61.65135613	0.026167735	9
62.95338386	0.026291044	9
64.14806021	0.026053772	9
65.17866315	0.02536797	9
66.06170207	0.024413924	9
66.87621636	0.023493872	9
67.57109858	0.022327388	9
68.16088871	0.021184386	9
68.6730619	0.019954726	9
69.08417735	0.018684698	9
69.42749919	0.017521389	9
69.71195021	0.016343482	9
69.93041702	0.0152318	9
70.08449873	0.014099032	9
70.20019687	0.013035532	9
70.25792248	0.012024005	9
70.2935125	0.011014677	9
70.3018813	0.010089429	9
70.28920998	0.009193429	9
60.24487752	0.025521636	9
61.7388275	0.026381918	9
63.06691822	0.026483813	9
64.26288915	0.026120249	9
65.28252245	0.025464358	9
66.2105432	0.024494526	9
66.99889644	0.023506211	9
67.67952574	0.022368042	9
68.26704337	0.021137705	9
68.77695135	0.019910071	9
69.18895508	0.018667611	9
69.532595	0.017491905	9
69.79187849	0.016291636	9
70.0077176	0.015184588	9
70.16477451	0.014041891	9
70.26704099	0.012973011	9
70.33801769	0.011941033	9
70.36687899	0.010966671	9
70.37789421	0.010037938	9
70.351215	0.009126908	9
60.31803789	0.025740157	9
61.82171493	0.026549264	9
63.15174137	0.026631033	9
64.34925885	0.026149721	9
65.39517857	0.025478464	9
66.28035576	0.024609411	9
67.09617293	0.023511493	9
67.77379289	0.022347081	9
68.36272517	0.021092387	9
68.86326653	0.019878438	9
69.28383375	0.018662255	9
69.61259977	0.017444314	9
69.89032196	0.016252133	9
70.08522008	0.015088227	9
70.24089958	0.013978812	9
70.35065258	0.012914139	9
70.42443227	0.011900985	9
70.45485329	0.010939086	9
70.45675958	0.009983189	9
70.4234777	0.009080765	9
60.40204753	0.026001244	9
61.92761966	0.026748423	9
63.22956081	0.02675874	9
64.41406359	0.02624712	9
65.47965386	0.025508082	9
66.39797969	0.024636405	9
67.20475414	0.023527912	9
67.89093744	0.022368676	9
68.47159241	0.021106244	9
68.97379198	0.019891659	9
69.37960992	0.018596027	9
69.71002275	0.017370071	9
69.97300212	0.016201503	9
70.17056243	0.015039054	9
70.31347198	0.013919158	9
70.42528375	0.012854392	9
70.48670101	0.011849202	9
70.52157206	0.010869396	9
70.51988263	0.009925407	9
70.49122336	0.009006439	9
60.49651059	0.026220105	9
61.99504523	0.026869746	9
63.33307788	0.026889959	9
64.50197097	0.026330555	9
65.56164095	0.025602254	9
66.49529114	0.024671937	9
67.30545358	0.023547531	9
67.99582015	0.022359708	9
68.56746711	0.021082971	9
69.06569059	0.019833845	9
69.46586949	0.018560896	9
69.80282309	0.017359285	9
70.05870133	0.016127398	9
70.25178503	0.014980526	9
70.40032891	0.013870256	9
70.49826547	0.012796958	9
70.56068671	0.011771665	9
70.58002714	0.010820183	9
70.57185082	0.00986278	9
70.54223126	0.008937289	9
60.58049513	0.026452858	9
62.08024574	0.027078922	9
63.4277708	0.02700488	9
64.62436717	0.0263922	9
65.62518504	0.025636951	9
66.57597119	0.024673301	9
67.37670125	0.023543142	9
68.06897023	0.022331374	9
68.65504741	0.021070506	9
69.13961945	0.019763755	9
69.54606869	0.01854676	9
69.88107984	0.017322411	9
70.13294864	0.016098735	9
70.31986856	0.014937598	9
70.46436509	0.013796022	9
70.56048032	0.012746475	9
70.62520045	0.011743602	9
70.64254522	0.010761298	9
70.6276587	0.00981284	9
70.59724136	0.008892629	9
60.67049646	0.026671769	9
62.19846044	0.027229764	9
63.53467259	0.027110931	9
64.72059798	0.026432225	9
65.71557859	0.025667179	9
66.67437791	0.024683156	9
67.4785973	0.023537532	9
68.17174146	0.022329263	9
68.75330346	0.021064025	9
69.23539592	0.019768411	9
69.64270421	0.018499622	9
69.967269	0.017276447	9
70.21332599	0.016053859	9
70.39986762	0.014880879	9
70.53610305	0.013745677	9
70.63395644	0.012662843	9
70.69555356	0.011667315	9
70.71242259	0.010701725	9
70.68554474	0.009715227	9
70.64954187	0.008854238	9
57.34503802	0.018505442	12
58.59780054	0.019723045	12
59.68457199	0.020185593	12
60.66835071	0.020276187	12
61.56570646	0.01999815	12
62.36222883	0.019580486	12
63.05908991	0.01896347	12
63.6851539	0.018211049	12
64.24758345	0.017388225	12
64.72817993	0.016572805	12
65.13216513	0.015670966	12
65.45755985	0.014839998	12
65.72016735	0.014076149	12
65.9325154	0.01325116	12
66.1367613	0.012468429	12
66.26683052	0.01173377	12
66.36289618	0.011028646	12
66.38049004	0.010309374	12
66.40794628	0.009606226	12
66.40631879	0.008945873	12
57.45073156	0.01858528	12
58.70935704	0.019686448	12
59.83037678	0.020194624	12
60.83589029	0.020255404	12
61.72431818	0.020013456	12
62.54236888	0.019534581	12
63.26959169	0.018944557	12
63.89604059	0.018177257	12
64.43233365	0.017376751	12
64.92642767	0.016538535	12
65.33308758	0.015676191	12
65.66609202	0.014842783	12
65.93649916	0.013982731	12
66.14605893	0.013254017	12
66.32380432	0.012448648	12
66.46099226	0.011686139	12
66.54641316	0.010978271	12
66.60599324	0.010263079	12
66.62949303	0.009619545	12
66.61473307	0.008966413	12
57.54570128	0.018689457	12
58.84194824	0.01980765	12
59.99147466	0.020359598	12
61.014349	0.020318366	12
61.93797281	0.020085163	12
62.75449909	0.019561516	12
63.48884527	0.01889062	12
64.13433901	0.018129313	12
64.68908744	0.017326769	12
65.16975335	0.01645558	12
65.59752687	0.015623133	12
65.9283319	0.01478581	12
66.1844092	0.013998201	12
66.41828964	0.01315163	12
66.61028774	0.012416155	12
66.7234104	0.011698832	12
66.80871227	0.010953857	12
66.86446232	0.010240017	12
66.9103326	0.009600708	12
66.86794643	0.008949225	12
57.64571918	0.018871815	12
58.9819486	0.019887248	12
60.11608453	0.020354408	12
61.16583834	0.020235354	12
62.1128909	0.020018637	12
62.95663554	0.019536122	12
63.69293114	0.018869402	12
64.34356445	0.018144634	12
64.89973158	0.017303644	12
65.39686663	0.016459363	12
65.80786948	0.015585198	12
66.12507434	0.014711059	12
66.39141139	0.013897933	12
66.61971093	0.013129918	12
66.79469964	0.012326287	12
66.91320136	0.011638449	12
67.01840685	0.01092158	12
67.06888455	0.010203588	12
67.09396309	0.009516082	12
67.09729326	0.0089081	12
57.74428677	0.019025298	12
59.07503261	0.020020994	12
60.25048781	0.020426115	12
61.30705139	0.020378213	12
62.28565382	0.020003651	12
63.13221633	0.019499684	12
63.86628585	0.018876557	12
64.52131326	0.01805919	12
65.07114632	0.017239297	12
65.55800024	0.016348036	12
65.98247279	0.015586573	12
66.31710893	0.014717236	12
66.6142102	0.013849059	12
66.81921426	0.013070301	12
66.9860577	0.012337072	12
67.12514652	0.011517726	12
67.2043003	0.010866184	12
67.24711124	0.010156203	12
67.28090287	0.009502572	12
67.28171816	0.008860382	12
57.83938534	0.019057579	12
59.18800379	0.020102439	12
60.3812248	0.020483967	12
61.45195998	0.020376702	12
62.40157216	0.02004713	12
63.2715162	0.019508704	12
64.03077745	0.018863814	12
64.68084663	0.018070078	12
65.27986907	0.017235501	12
65.75147519	0.016410285	12
66.15340756	0.015543413	12
66.49972438	0.014637146	12
66.75097342	0.013870314	12
66.98344476	0.013026261	12
67.15679414	0.012264835	12
67.28836931	0.011507676	12
67.36711617	0.010856526	12
67.41089779	0.010126974	12
67.42060409	0.009454743	12
67.42838228	0.008809872	12
57.92154131	0.019268128	12
59.32150041	0.020152819	12
60.5129244	0.020519956	12
61.59642618	0.020419767	12
62.56574596	0.020050233	12
63.4154096	0.019517492	12
64.16968219	0.018826332	12
64.84113566	0.018022548	12
65.43288339	0.017204199	12
65.88473267	0.016393593	12
66.29119206	0.015491259	12
66.62850767	0.014657781	12
66.92013779	0.013777581	12
67.12885728	0.013009079	12
67.28057997	0.012255424	12
67.40819069	0.011494442	12
67.48528225	0.010800649	12
67.5367884	0.010084949	12
67.56747599	0.009413849	12
67.54708484	0.008783968	12
58.03366897	0.019407546	12
59.40342343	0.020334735	12
60.62665867	0.020636514	12
61.73251786	0.020472665	12
62.69798273	0.020081249	12
63.55983145	0.01952716	12
64.31905533	0.018805478	12
64.98265739	0.017974471	12
65.55796428	0.017199243	12
66.02520228	0.016356983	12
66.42333817	0.015480565	12
66.77735131	0.014571542	12
67.01771831	0.01377095	12
67.2400266	0.012996744	12
67.39446158	0.012198332	12
67.51021782	0.011455547	12
67.60734969	0.010730325	12
67.66625524	0.0100453	12
67.67786717	0.009375143	12
67.66586167	0.008723581	12
58.11674716	0.019454864	12
59.52569781	0.02040635	12
60.74173989	0.020688056	12
61.83746577	0.020526424	12
62.83448909	0.020126374	12
63.6877821	0.019511526	12
64.46160113	0.018798685	12
65.13949217	0.017976828	12
65.69686096	0.017127142	12
66.1550191	0.016322319	12
66.56868183	0.015355611	12
66.89303524	0.014518846	12
67.14385148	0.013717937	12
67.35830437	0.012937389	12
67.52094025	0.01215824	12
67.6416749	0.011372343	12
67.71482281	0.010653387	12
67.77268642	0.009997817	12
67.7953202	0.009340889	12
67.75774939	0.008693058	12
58.18245027	0.019687101	12
59.57023511	0.020557947	12
60.79561018	0.020761753	12
61.94413213	0.020567251	12
62.89688208	0.020193431	12
63.78545879	0.019538327	12
64.58401063	0.018807487	12
65.25187105	0.017933568	12
65.82534177	0.017131417	12
66.29266617	0.016258888	12
66.69790651	0.015393736	12
67.00241171	0.014493435	12
67.2777536	0.013669415	12
67.48349214	0.012884902	12
67.64323174	0.012114003	12
67.75964945	0.011339853	12
67.8303713	0.010649985	12
67.88046609	0.009961202	12
67.88482747	0.009314124	12
67.88009539	0.008661296	12
58.25242123	0.019803753	12
59.66610407	0.020616941	12
60.89999503	0.020855608	12
62.02618469	0.020645357	12
63.0358044	0.020151309	12
63.9205133	0.01953068	12
64.68869802	0.018779986	12
65.34920969	0.017995597	12
65.92718531	0.017088103	12
66.42546413	0.016252179	12
66.83088184	0.015335597	12
67.12128245	0.014486333	12
67.3916095	0.013650698	12
67.58227738	0.012844939	12
67.74220387	0.012085598	12
67.83806454	0.011293636	12
67.89713999	0.010594927	12
67.9573033	0.009904127	12
67.96555654	0.009263218	12
67.97136805	0.008609977	12
58.29493593	0.019903051	12
59.70770964	0.020650042	12
60.97791587	0.020829409	12
62.12624685	0.020686405	12
63.14178443	0.020227683	12
64.01883272	0.019539477	12
64.8147264	0.018768261	12
65.50033983	0.017991885	12
66.05959283	0.017051066	12
66.53511785	0.016188752	12
66.93703954	0.015337036	12
67.2462557	0.014479693	12
67.49211958	0.013633534	12
67.69646975	0.012823477	12
67.84744582	0.01202244	12
67.94754271	0.011251562	12
68.02491738	0.010545473	12
68.05598062	0.0098902	12
68.05674458	0.00920813	12
68.03116891	0.008558903	12
58.38233035	0.020040283	12
59.81695948	0.020786109	12
61.08368465	0.02090912	12
62.22880535	0.020691845	12
63.26541806	0.020301014	12
64.15225533	0.019561549	12
64.90953781	0.01882833	12
65.59765139	0.017957584	12
66.15917088	0.017068462	12
66.63215581	0.016171369	12
67.02626877	0.015264159	12
67.34969016	0.014422171	12
67.6029444	0.013580241	12
67.80267965	0.012781478	12
67.95437799	0.011975051	12
68.05078357	0.011241604	12
68.11440692	0.010525862	12
68.13544695	0.009824688	12
68.14503633	0.009172586	12
68.12068992	0.008536499	12
58.46838558	0.020263901	12
59.92550505	0.020912393	12
61.18462777	0.0210037	12
62.36829335	0.020794076	12
63.37873405	0.020281927	12
64.23952079	0.019527932	12
65.03778034	0.018821786	12
65.70171849	0.01790521	12
66.25664005	0.01706086	12
66.73741549	0.016146054	12
67.11907595	0.015234065	12
67.43473745	0.0143633	12
67.68379133	0.013541187	12
67.89152836	0.012723329	12
68.01757942	0.01194232	12
68.12589373	0.011200811	12
68.16694075	0.010479584	12
68.19265594	0.009767042	12
68.19667674	0.009112013	12
68.17564591	0.008479561	12
58.55409638	0.020315781	12
60.01805211	0.021040768	12
61.31192637	0.021132828	12
62.48440313	0.020834737	12
63.47899117	0.020364444	12
64.39531368	0.019574516	12
65.14473443	0.018828253	12
65.79952574	0.017923411	12
66.35740732	0.01701875	12
66.82731607	0.016105011	12
67.2148541	0.015203564	12
67.52876123	0.014338767	12
67.76040932	0.013491229	12
67.94986199	0.01269903	12
68.09475616	0.011900089	12
68.18011718	0.011160683	12
68.23651841	0.010410119	12
68.25858605	0.00971214	12
68.26212947	0.009075753	12
68.22984529	0.008431999	12
58.6499178	0.020510835	12
60.10401893	0.021170964	12
61.39717663	0.021244249	12
62.55986222	0.020841316	12
63.59362815	0.020314245	12
64.45137967	0.019654614	12
65.2362622	0.018838956	12
65.88402636	0.017934953	12
66.43793194	0.016972578	12
66.90967294	0.016084539	12
67.29700278	0.015199538	12
67.59753514	0.014320978	12
67.84786358	0.013447153	12
68.01946919	0.012618829	12
68.15951438	0.011867508	12
68.25629755	0.011092253	12
68.31058216	0.01037606	12
68.33514125	0.00969062	12
68.33493209	0.009028847	12
68.29430431	0.008402452	12
58.71195497	0.020665595	12
60.1882432	0.021296295	12
61.46186925	0.021268406	12
62.62207096	0.020913995	12
63.66198669	0.02034519	12
64.55967173	0.01967249	12
65.33143084	0.018809872	12
65.99387226	0.01793557	12
66.53897804	0.016965016	12
67.00732296	0.016088352	12
67.38147038	0.015142083	12
67.68229185	0.014263508	12
67.91751086	0.013422413	12
68.09704341	0.012613542	12
68.21701807	0.011825755	12
68.32633186	0.011050742	12
68.36927453	0.010361832	12
68.40060218	0.009650568	12
68.38513424	0.00899661	12
68.35889999	0.008340611	12
58.8107721	0.020815824	12
60.26295707	0.021357025	12
61.55951546	0.021367129	12
62.69544919	0.021006178	12
63.73924702	0.020391679	12
64.64859788	0.019683742	12
65.4378941	0.018802936	12
66.09153312	0.017910233	12
66.62709421	0.016955741	12
67.09193046	0.016044864	12
67.46117953	0.015097617	12
67.7623539	0.014246537	12
68.00628435	0.013360242	12
68.1747417	0.012556101	12
68.30541548	0.011780846	12
68.38882304	0.011000935	12
68.43824938	0.010261692	12
68.44995798	0.009619187	12
68.44148073	0.008949821	12
68.40546653	0.008286182	12
58.87126938	0.020969737	12
60.32961357	0.02147529	12
61.64305659	0.021479577	12
62.81448537	0.021005107	12
63.79735495	0.020430059	12
64.71636276	0.019691094	12
65.48301001	0.018828638	12
66.14713349	0.017872417	12
66.70133948	0.016951857	12
67.15601006	0.015990079	12
67.52842645	0.01509841	12
67.83135636	0.014206595	12
68.06323012	0.013354247	12
68.23662707	0.012536185	12
68.3638518	0.011724744	12
68.45107351	0.010975347	12
68.49882704	0.010273304	12
68.51271637	0.009564212	12
68.4963812	0.008890987	12
68.45872016	0.00825248	12
58.94715046	0.021192432	12
60.42440754	0.021619752	12
61.7197681	0.021531841	12
62.90379366	0.021072782	12
63.8784256	0.020511465	12
64.81499982	0.019698451	12
65.58381646	0.0188245	12
66.24754043	0.017886428	12
66.7936803	0.016937633	12
67.24403126	0.015972855	12
67.61774201	0.015068067	12
67.9180045	0.014159502	12
68.14574558	0.013314153	12
68.31263508	0.012445544	12
68.43465841	0.011692027	12
68.51568218	0.010902087	12
68.57037445	0.010215419	12
68.57904768	0.009513318	12
68.55406435	0.008815412	12
68.51792138	0.008197625	12
55.40067817	0.013717775	15
56.61256918	0.014515841	15
57.67564326	0.014849799	15
58.65551697	0.014855525	15
59.53406714	0.014710391	15
60.32199198	0.01439711	15
61.00777871	0.013996239	15
61.61098899	0.013500026	15
62.14241918	0.012962648	15
62.59316038	0.012463394	15
62.96439729	0.011937147	15
63.26180755	0.011419115	15
63.49029408	0.011024953	15
63.68396348	0.010532205	15
63.85940709	0.010042656	15
63.97018419	0.009636363	15
64.04440978	0.009212387	15
64.05497127	0.008777125	15
64.06330672	0.00837219	15
64.05405204	0.007967512	15
55.51523816	0.013789241	15
56.7261582	0.014543206	15
57.8255776	0.014872114	15
58.82195644	0.014851921	15
59.70769794	0.014640546	15
60.51219235	0.01431836	15
61.21671394	0.013935288	15
61.82192887	0.013481975	15
62.32939301	0.012924973	15
62.78900855	0.012436357	15
63.16095124	0.011908352	15
63.46228195	0.011429531	15
63.71007808	0.0109307	15
63.89654304	0.010520161	15
64.04377568	0.010058637	15
64.1664438	0.00959551	15
64.22832821	0.009198166	15
64.26865658	0.008779182	15
64.28231134	0.008398654	15
64.26755962	0.007990904	15
55.6074589	0.013855845	15
56.85315501	0.014592796	15
57.98193055	0.014926603	15
58.99479356	0.014904849	15
59.91292124	0.014720821	15
60.71554026	0.01436195	15
61.4250173	0.013897076	15
62.03821327	0.01340369	15
62.56413186	0.012873837	15
63.01699291	0.012357213	15
63.40867283	0.011869409	15
63.71282824	0.011387246	15
63.93771465	0.010927663	15
64.14313494	0.010455037	15
64.30816383	0.010054714	15
64.40406231	0.009613366	15
64.4699011	0.00918274	15
64.51324181	0.008780744	15
64.5411364	0.008403573	15
64.49529833	0.0079855	15
55.69918929	0.013959684	15
56.97696563	0.014652235	15
58.10605366	0.014921192	15
59.1501858	0.014872725	15
60.08939797	0.014647732	15
60.91039466	0.01430215	15
61.62095368	0.013888719	15
62.23867767	0.013400882	15
62.7660756	0.01290455	15
63.22568264	0.012360741	15
63.6031526	0.011829874	15
63.89085199	0.011369302	15
64.12668584	0.010858827	15
64.32329059	0.010432416	15
64.4778276	0.009938881	15
64.57654855	0.009587361	15
64.66013982	0.009170083	15
64.69698411	0.008739145	15
64.70978161	0.008343707	15
64.70548916	0.007957297	15
55.77964309	0.014086192	15
57.08525378	0.014726263	15
58.23791034	0.014979768	15
59.28443644	0.014907046	15
60.23782202	0.014624495	15
61.06439231	0.014291922	15
61.78125861	0.013856106	15
62.41097399	0.013332362	15
62.92387103	0.012822641	15
63.37853033	0.012293543	15
63.76389212	0.011862633	15
64.06757651	0.011353245	15
64.32836078	0.01081825	15
64.51019153	0.010393672	15
64.6509792	0.009970518	15
64.7679473	0.009503918	15
64.83603825	0.009121185	15
64.86758702	0.008706007	15
64.88739477	0.008309973	15
64.87455162	0.007926596	15
55.86237118	0.014122037	15
57.1745618	0.01477366	15
58.35409215	0.014997998	15
59.42286212	0.014899033	15
60.36373143	0.014645588	15
61.21189852	0.014269612	15
61.93871262	0.013847416	15
62.56006937	0.013326047	15
63.11081275	0.012825204	15
63.54519082	0.012313983	15
63.91999128	0.011844773	15
64.2325509	0.011271711	15
64.45924552	0.010847341	15
64.66319077	0.010360795	15
64.81403232	0.009911745	15
64.92147327	0.009495865	15
64.98637505	0.009119944	15
65.0159687	0.008703811	15
65.01354499	0.00827436	15
65.01063027	0.007919374	15
55.9436431	0.014285404	15
57.2955021	0.014811125	15
58.47432058	0.015056292	15
59.55159861	0.014911433	15
60.50521961	0.014628144	15
61.34858434	0.014254153	15
62.07237164	0.013789554	15
62.70562043	0.013303873	15
63.25457376	0.012787522	15
63.67564789	0.012333775	15
64.05342056	0.011784109	15
64.35011333	0.011289601	15
64.60329681	0.01077593	15
64.79591363	0.010344826	15
64.92385569	0.009911668	15
65.03019486	0.009509149	15
65.0967969	0.00908847	15
65.13232328	0.008675801	15
65.15495768	0.008254507	15
65.12147668	0.007879678	15
56.04457448	0.014332562	15
57.36830908	0.014889487	15
58.56974927	0.015086485	15
59.66779059	0.014916196	15
60.62295864	0.014678144	15
61.47429589	0.014271734	15
62.19792089	0.013783742	15
62.82597443	0.013279923	15
63.36933368	0.012780059	15
63.79867909	0.012283992	15
64.16754627	0.011776052	15
64.48734774	0.011232845	15
64.7040302	0.010774761	15
64.89486448	0.010340956	15
65.03464272	0.009896147	15
65.1310096	0.00946765	15
65.20125768	0.009055703	15
65.2490061	0.008646951	15
65.25523875	0.008237716	15
65.23905434	0.007869068	15
56.12095874	0.01441754	15
57.48813768	0.014967315	15
58.68680943	0.015087443	15
59.77046839	0.014954761	15
60.74477612	0.014671995	15
61.58074241	0.014291346	15
62.32302048	0.013765081	15
62.96509884	0.013268145	15
63.49140368	0.012743888	15
63.91274743	0.012273736	15
64.29222408	0.011665035	15
64.59305446	0.011201298	15
64.81048848	0.01075065	15
65.00282634	0.010315818	15
65.1410036	0.009868361	15
65.24418484	0.00939807	15
65.30181495	0.008998048	15
65.34983421	0.00860133	15
65.36256257	0.008198006	15
65.32196296	0.007827515	15
56.20570056	0.014572656	15
57.55170593	0.015071693	15
58.76030781	0.015128089	15
59.89213044	0.014983965	15
60.83571813	0.014736789	15
61.69117495	0.014261822	15
62.45101245	0.013733113	15
63.07739914	0.013209785	15
63.60824298	0.012771626	15
64.03396361	0.012227786	15
64.40444378	0.011707339	15
64.68001048	0.01120472	15
64.91641215	0.010732913	15
65.09927157	0.010280329	15
65.23602737	0.009870162	15
65.3303893	0.009405581	15
65.39076461	0.009009164	15
65.42606058	0.008595274	15
65.42600002	0.008226707	15
65.41108936	0.007825515	15
56.2747741	0.014565303	15
57.65211714	0.015114144	15
58.86716708	0.015195116	15
59.97472633	0.015039703	15
60.9622204	0.014640686	15
61.81738685	0.01422548	15
62.54969646	0.013723084	15
63.17179133	0.013272735	15
63.70253286	0.012704437	15
64.14968646	0.012202053	15
64.52000401	0.01167943	15
64.78366753	0.011188449	15
65.01563711	0.010705093	15
65.19357907	0.010256501	15
65.32360144	0.00982279	15
65.41224087	0.009372031	15
65.46321687	0.008958531	15
65.49648857	0.008556433	15
65.50845394	0.008198776	15
65.4937712	0.007767283	15
56.32357288	0.014644589	15
57.69543719	0.015206443	15
58.93860287	0.015205972	15
60.07474619	0.015020169	15
61.05907914	0.014725489	15
61.91272789	0.014260003	15
62.65741305	0.013707422	15
63.29568662	0.01324419	15
63.82082151	0.012672959	15
64.26163905	0.012213647	15
64.62302831	0.011672422	15
64.90111966	0.011191928	15
65.1218109	0.010694703	15
65.29602987	0.010243436	15
65.4224091	0.009781166	15
65.50920642	0.009319667	15
65.57250197	0.008958577	15
65.59411147	0.008566246	15
65.5838034	0.00814308	15
65.55145044	0.007743514	15
56.40559438	0.01470831	15
57.79292725	0.015190087	15
59.03247756	0.015239811	15
60.16279876	0.015017689	15
61.17270223	0.014722485	15
62.02608544	0.014231997	15
62.75447939	0.01376822	15
63.39342877	0.01321087	15
63.91378102	0.012667707	15
64.35055363	0.012153338	15
64.70596045	0.011628253	15
64.99530816	0.011164144	15
65.21876619	0.010662439	15
65.39678733	0.010235917	15
65.52544692	0.009761726	15
65.61002683	0.00931217	15
65.65849143	0.008912471	15
65.66884738	0.008526857	15
65.66959262	0.008123174	15
65.63717927	0.007729357	15
56.48406598	0.014866012	15
57.88549857	0.015272633	15
59.12993369	0.015295016	15
60.28961485	0.015067843	15
61.28299198	0.014702071	15
62.11783168	0.014206255	15
62.86613819	0.013759551	15
63.48728371	0.013185345	15
64.00673786	0.0126573	15
64.44538487	0.012132892	15
64.79137588	0.011605166	15
65.07445011	0.011129368	15
65.30073682	0.010647666	15
65.4744039	0.01021631	15
65.59164618	0.009743489	15
65.67763551	0.009297031	15
65.70994588	0.008912201	15
65.72690039	0.008477776	15
65.71813438	0.008080845	15
65.69356293	0.007695305	15
56.56489903	0.014920545	15
57.97289581	0.01535203	15
59.24635629	0.015363869	15
60.40342857	0.015085014	15
61.38093569	0.01473085	15
62.25434283	0.014194616	15
62.97895621	0.013749832	15
63.5863573	0.013204221	15
64.10106984	0.012646667	15
64.53631624	0.012101732	15
64.88178213	0.011576323	15
65.16215311	0.011105494	15
65.37268866	0.010618383	15
65.54104168	0.010171873	15
65.66385887	0.009713202	15
65.73678621	0.009266777	15
65.78240305	0.008829345	15
65.79199653	0.008445517	15
65.78600047	0.008053384	15
65.75176349	0.007684164	15
56.63425499	0.015031613	15
58.05259188	0.015417096	15
59.33384749	0.015396753	15
60.4861225	0.015112761	15
61.48769238	0.014734947	15
62.3194068	0.01429681	15
63.06814478	0.013719846	15
63.67163141	0.013192892	15
64.18621268	0.012608868	15
64.6133596	0.012067074	15
64.96652289	0.011569104	15
65.23564183	0.011064887	15
65.45783774	0.010596971	15
65.61255773	0.010128553	15
65.73134176	0.009693678	15
65.81019247	0.009238793	15
65.85907459	0.008827427	15
65.87066026	0.008428615	15
65.86003784	0.00802288	15
65.81933516	0.007644739	15
56.71721404	0.015131623	15
58.15405537	0.015458766	15
59.40893802	0.015415813	15
60.54856228	0.015128355	15
61.56575767	0.014711776	15
62.43035955	0.014282205	15
63.16683469	0.013728244	15
63.77830107	0.013156335	15
64.28339675	0.012606116	15
64.7109504	0.012075009	15
65.0513	0.011542507	15
65.32143132	0.01104824	15
65.53213292	0.010567245	15
65.68926267	0.010127046	15
65.79571109	0.009660018	15
65.87907251	0.009223833	15
65.91357305	0.00881371	15
65.93107801	0.008401348	15
65.91792074	0.007999598	15
65.88056419	0.00760603	15
56.80901794	0.01522641	15
58.22323084	0.015542606	15
59.50715341	0.01549507	15
60.63454428	0.015157885	15
61.64615794	0.014780949	15
62.52099029	0.014291892	15
63.25980508	0.013705657	15
63.87160977	0.013146442	15
64.36963858	0.012606122	15
64.79226548	0.012047582	15
65.12783739	0.011490149	15
65.40266987	0.011051836	15
65.60864867	0.010523076	15
65.76132138	0.010089427	15
65.87230177	0.009636196	15
65.94332478	0.009205574	15
65.98103095	0.008771528	15
65.98392974	0.008356238	15
65.96388489	0.00798542	15
65.92821234	0.007586201	15
56.88728321	0.015298796	15
58.30714249	0.015634533	15
59.59805048	0.015502261	15
60.75010871	0.015155401	15
61.70705302	0.014744327	15
62.59555675	0.014266495	15
63.32420568	0.013691524	15
63.9390763	0.013138702	15
64.44645764	0.012554827	15
64.85885707	0.011993591	15
65.19888096	0.011508269	15
65.47293792	0.011029947	15
65.67480659	0.01050412	15
65.82199728	0.010041427	15
65.92939496	0.00957902	15
65.99760779	0.009174988	15
66.03986346	0.008742352	15
66.04220186	0.008326865	15
66.01608291	0.007950273	15
65.97968367	0.007545602	15
56.97444417	0.015386436	15
58.41973721	0.015639105	15
59.70166852	0.015554298	15
60.84451378	0.015143438	15
61.7984287	0.014784657	15
62.68524861	0.01423862	15
63.42001197	0.013719729	15
64.03227381	0.013111602	15
64.53441772	0.012554315	15
64.94468356	0.012000676	15
65.2841613	0.011492713	15
65.55041578	0.010994856	15
65.74772755	0.010500349	15
65.89219089	0.01002176	15
65.99398671	0.009578164	15
66.06610236	0.009132597	15
66.10541421	0.008705371	15
66.10609779	0.008299774	15
66.06916585	0.007899922	15
66.02879259	0.007536378	15
53.19459736	0.008590663	18
54.3873877	0.009085824	18
55.44287441	0.009245691	18
56.40659521	0.00925479	18
57.2764401	0.009213085	18
58.04346343	0.009150071	18
58.69669305	0.00897125	18
59.26587514	0.008800529	18
59.75468118	0.008623831	18
60.16647189	0.008474667	18
60.50009213	0.008286917	18
60.76494034	0.00812032	18
60.96543641	0.008026344	18
61.12727056	0.007861254	18
61.27562695	0.007687253	18
61.36447041	0.00755831	18
61.42058489	0.007428323	18
61.41908085	0.007251318	18
61.41613595	0.007082072	18
61.39680148	0.006918815	18
53.3030448	0.008578756	18
54.49116647	0.009066656	18
55.58219255	0.009281443	18
56.56523789	0.009236935	18
57.43595237	0.009184929	18
58.21536084	0.009056357	18
58.89491322	0.008931254	18
59.46314748	0.008797257	18
59.93471812	0.008618026	18
60.35038559	0.008451931	18
60.68523375	0.008278036	18
60.9558926	0.008154932	18
61.1664398	0.007976244	18
61.32246193	0.007880532	18
61.45078511	0.007738258	18
61.54775891	0.007536694	18
61.59297291	0.007431362	18
61.6227081	0.007255645	18
61.62256982	0.007110654	18
61.59733944	0.006949806	18
53.39277181	0.008610321	18
54.61581448	0.00910178	18
55.73120176	0.009303908	18
56.73379103	0.009304361	18
57.64113633	0.009255859	18
58.41106107	0.009125027	18
59.0866309	0.008918573	18
59.6635699	0.008732038	18
60.14993838	0.008558997	18
60.55890752	0.008376007	18
60.90819992	0.008240116	18
61.17789712	0.008101294	18
61.3726256	0.007997201	18
61.55071798	0.007809335	18
61.69201642	0.007711736	18
61.7669767	0.00756678	18
61.81571664	0.007411312	18
61.84394999	0.007253235	18
61.86241961	0.007113525	18
61.80598021	0.006956055	18
53.49964354	0.008713215	18
54.74574044	0.009115429	18
55.85786645	0.009286114	18
56.88389697	0.009222574	18
57.79859173	0.009143153	18
58.59111181	0.009047021	18
59.26441354	0.008892455	18
59.84751762	0.008763831	18
60.33103344	0.0085702	18
60.75173052	0.008402652	18
61.09023616	0.008223996	18
61.34337782	0.00808769	18
61.54521486	0.00794111	18
61.71809169	0.007816692	18
61.84614337	0.007641809	18
61.92502051	0.007547276	18
61.9906558	0.00740151	18
62.01310876	0.007225443	18
62.01696427	0.007072132	18
62.00193006	0.006942905	18
53.58847253	0.008826041	18
54.85609744	0.009186941	18
55.99227871	0.009336131	18
57.02585964	0.009285639	18
57.95551987	0.009154077	18
58.75020465	0.009038635	18
59.42639059	0.008870545	18
60.00299401	0.008674147	18
60.47603468	0.008520597	18
60.88345995	0.008336576	18
61.23351159	0.00828366	18
61.50173086	0.008106505	18
61.72841981	0.007921629	18
61.88377631	0.007801188	18
61.99846579	0.007708754	18
62.09673097	0.007492672	18
62.14869848	0.007366163	18
62.17349713	0.007240173	18
62.17900192	0.007080918	18
62.15522208	0.00690969	18
53.68386079	0.008783564	18
54.95961483	0.009168647	18
56.12238923	0.009278528	18
57.162787	0.009244356	18
58.07404424	0.009131052	18
58.88792703	0.009006266	18
59.57202512	0.008861977	18
60.14561063	0.008678567	18
60.65669924	0.008520471	18
61.04875034	0.008404245	18
61.37886064	0.008238182	18
61.65276258	0.00804279	18
61.8462774	0.007949085	18
62.02375873	0.007787495	18
62.14989436	0.007627241	18
62.2366697	0.007487932	18
62.28593593	0.00738542	18
62.30133637	0.00722947	18
62.28900911	0.007063174	18
62.27857233	0.006902068	18
53.77098567	0.008916044	18
55.08775861	0.009162931	18
56.24704247	0.009297869	18
57.30177578	0.009233998	18
58.22626444	0.009131295	18
59.02520845	0.008982883	18
59.70080142	0.00881734	18
60.28716995	0.008644295	18
60.79163764	0.008486183	18
61.16477312	0.008385121	18
61.49836017	0.008234694	18
61.76369751	0.008090401	18
61.98442009	0.007885588	18
62.14835588	0.007778016	18
62.25517138	0.007668322	18
62.34168883	0.007520116	18
62.39100192	0.007380288	18
62.41057355	0.007210725	18
62.42249917	0.007045698	18
62.38399047	0.006923133	18
53.88067589	0.008922827	18
55.17453399	0.009251611	18
56.35876065	0.009341366	18
57.42716843	0.009230136	18
58.34858143	0.009128545	18
59.14918838	0.008996297	18
59.83040176	0.00881428	18
60.41199523	0.008645521	18
60.90176802	0.008485415	18
61.28473285	0.008385354	18
61.61243798	0.008230536	18
61.89157548	0.008016451	18
62.07366057	0.007918983	18
62.24161854	0.007797314	18
62.3526013	0.007659242	18
62.43342784	0.007511294	18
62.48983577	0.007367255	18
62.52390999	0.007205938	18
62.51747415	0.007044845	18
62.49214471	0.006897553	18
53.95245689	0.008943605	18
55.29693197	0.009244428	18
56.4791528	0.009293126	18
57.53617554	0.009236553	18
58.47878084	0.009127145	18
59.2677438	0.008953872	18
59.9550996	0.008779358	18
60.54596917	0.008604216	18
61.01816062	0.008451617	18
61.39730379	0.008380598	18
61.73429237	0.00814111	18
61.99607225	0.008013288	18
62.18297555	0.007893908	18
62.34529683	0.007790889	18
62.46034588	0.007643752	18
62.54178789	0.007440547	18
62.58567341	0.00734668	18
62.6176923	0.007183522	18
62.61603332	0.007035151	18
62.56896725	0.006892017	18
54.02127747	0.009041456	18
55.34196006	0.009287389	18
56.52694535	0.009324222	18
57.6365934	0.009268886	18
58.54576018	0.009143544	18
59.36408434	0.008947234	18
60.07304835	0.008777188	18
60.64609983	0.008580946	18
61.13327888	0.00849353	18
61.52097775	0.008327425	18
61.84741927	0.008202432	18
62.08660511	0.008015688	18
62.29778712	0.007905214	18
62.45258879	0.007781749	18
62.56684688	0.007649247	18
62.64326393	0.007480019	18
62.68909589	0.007351922	18
62.7102593	0.007198807	18
62.69528778	0.007063947	18
62.67488048	0.006904829	18
54.09015653	0.009047879	18
55.43349397	0.009328463	18
56.6291048	0.009347865	18
57.71597508	0.009264879	18
58.67492343	0.009096631	18
59.4805745	0.008919276	18
60.16709626	0.008733235	18
60.73834212	0.008617293	18
61.22340987	0.00845794	18
61.62962098	0.008329956	18
61.96191647	0.00817501	18
62.18857787	0.008047918	18
62.39250451	0.007886948	18
62.54056141	0.007773284	18
62.64768531	0.007627547	18
62.71506023	0.007456658	18
62.74800428	0.007334017	18
62.77479514	0.007190203	18
62.77184319	0.007049894	18
62.75500867	0.006881546	18
54.13557682	0.009019295	18
55.48279994	0.009305126	18
56.70803868	0.009352412	18
57.81862797	0.009246631	18
58.7721104	0.009111617	18
59.57545442	0.008912862	18
60.2752144	0.008723005	18
60.86536034	0.008620359	18
61.33893137	0.008441398	18
61.7320678	0.008314727	18
62.05597373	0.008165738	18
62.29584179	0.008052852	18
62.48471234	0.007874851	18
62.63450757	0.007762443	18
62.74370971	0.007612908	18
62.80989372	0.007446551	18
62.85524128	0.007320906	18
62.86595625	0.007201023	18
62.84639357	0.007017575	18
62.80695605	0.006855395	18
54.22083367	0.009070845	18
55.58616482	0.009319399	18
56.80883374	0.009378618	18
57.91589889	0.00926344	18
58.89148855	0.009126384	18
59.69743959	0.008906359	18
60.3701861	0.008759507	18
60.95731694	0.00856418	18
61.4281299	0.008420095	18
61.81814859	0.00831821	18
62.13695761	0.008147994	18
62.38673413	0.008047111	18
62.57969704	0.007860822	18
62.72773388	0.007756703	18
62.8363874	0.007585103	18
62.90145416	0.007465819	18
62.9357902	0.007328088	18
62.9311153	0.007160015	18
62.92085562	0.007008813	18
62.88115263	0.006873463	18
54.30460148	0.009149004	18
55.68847061	0.009348593	18
56.91099535	0.009365375	18
58.04402725	0.009232551	18
58.99605713	0.009086326	18
59.78011888	0.008863658	18
60.47670241	0.008741879	18
61.05014109	0.008546337	18
61.51271814	0.008419131	18
61.90850026	0.008282994	18
62.21129506	0.008129586	18
62.45443018	0.008009924	18
62.65053374	0.007875232	18
62.79494573	0.007749398	18
62.89185056	0.007599745	18
62.96002324	0.007465579	18
62.97436384	0.007329643	18
62.98197886	0.007146301	18
62.96042319	0.007009022	18
62.93029691	0.006860253	18
54.39436107	0.009127587	18
55.77742994	0.009381691	18
57.03235209	0.009370302	18
58.1577122	0.009254479	18
59.08969293	0.009104392	18
59.91587063	0.008855842	18
60.57724243	0.008755979	18
61.13203201	0.008573695	18
61.59478735	0.008403695	18
61.98195697	0.008256303	18
62.2902623	0.008115683	18
62.5339699	0.008017383	18
62.71065682	0.007856146	18
62.85220068	0.00774378	18
62.95438523	0.007579703	18
63.00915435	0.007439763	18
63.04135825	0.00729303	18
63.03684639	0.007139573	18
63.02517343	0.006989409	18
62.98094995	0.006847178	18
54.47344981	0.009236275	18
55.86520892	0.009413474	18
57.11308862	0.009388688	18
58.23315581	0.009227385	18
59.19173854	0.009039595	18
59.96675467	0.008932929	18
60.65620026	0.008721923	18
61.20447709	0.00856727	18
61.66853477	0.008379792	18
62.05146154	0.008246161	18
62.3595702	0.008129273	18
62.59431008	0.008000242	18
62.78447814	0.007857252	18
62.91324147	0.007705158	18
63.01143237	0.00757856	18
63.07097837	0.0074332	18
63.10272223	0.007284513	18
63.10561456	0.007119216	18
63.08736086	0.00698681	18
63.03662471	0.006837047	18
54.55039041	0.009256463	18
55.95793274	0.00941455	18
57.17615812	0.009363098	18
58.28435258	0.009232261	18
59.25495482	0.009045308	18
60.05901777	0.008899732	18
60.737744	0.00870719	18
61.29859006	0.008540934	18
61.75148953	0.00839476	18
62.13228021	0.008260489	18
62.43082122	0.008093325	18
62.6650996	0.007974332	18
62.84703729	0.00785075	18
62.97754633	0.007712386	18
63.06481864	0.007558296	18
63.13206153	0.007427705	18
63.1539244	0.007284638	18
63.16023682	0.007109632	18
63.13365473	0.006970613	18
63.09152295	0.006823116	18
54.63098177	0.009283882	18
56.01356751	0.0094358	18
57.26537386	0.009379703	18
58.35674837	0.009264993	18
59.32450387	0.009094089	18
60.13923697	0.008893239	18
60.8251302	0.008690889	18
61.37897716	0.008554428	18
61.82422662	0.008381178	18
62.20231434	0.008253684	18
62.4983261	0.008091823	18
62.73468464	0.007994178	18
62.91720535	0.00782289	18
63.04285489	0.007705665	18
63.13391756	0.007560553	18
63.18480679	0.007422436	18
63.21200048	0.007246804	18
63.20307937	0.007110838	18
63.17663515	0.006971375	18
63.13281024	0.006811082	18
54.691536	0.009272269	18
56.08877661	0.009429037	18
57.34190677	0.009396523	18
58.45970715	0.009263814	18
59.37640548	0.009097657	18
60.20478104	0.008878686	18
60.8724477	0.008702369	18
61.43695239	0.008501357	18
61.89163412	0.008350724	18
62.26005578	0.008201791	18
62.55783037	0.008115435	18
62.79743117	0.007986542	18
62.97296074	0.007842603	18
63.09695064	0.007673625	18
63.18706264	0.00755203	18
63.24038092	0.007416628	18
63.26623778	0.007254834	18
63.25873894	0.007101139	18
63.22392731	0.006942944	18
63.18077172	0.006794737	18
54.7692375	0.009339286	18
56.18237315	0.009468501	18
57.44068928	0.0094091	18
58.55209822	0.009229673	18
59.45608436	0.009114626	18
60.28724035	0.008893028	18
60.96457465	0.008681919	18
61.51936131	0.008513309	18
61.9725759	0.008384203	18
62.33761568	0.008230433	18
62.64045172	0.008105769	18
62.87438818	0.007979061	18
63.04236465	0.007853064	18
63.1634188	0.00768775	18
63.24742184	0.007549672	18
63.30154772	0.00738898	18
63.32793009	0.007250307	18
63.3202162	0.007110492	18
63.27269506	0.006931407	18
63.22668634	0.006784311	18
50.94999563	0.003517589	21
52.10875137	0.003779395	21
53.13911416	0.003941312	21
54.08688707	0.004054139	21
54.92244968	0.004143463	21
55.65110615	0.00439729	21
56.25681592	0.004519313	21
56.77371978	0.004681293	21
57.21074309	0.004859351	21
57.57501904	0.005050836	21
57.86277043	0.005188371	21
58.088316	0.005330398	21
58.25302141	0.005516549	21
58.38614841	0.005613856	21
58.50546184	0.005698644	21
58.57210078	0.005785057	21
58.61115748	0.00587006	21
58.59470574	0.005901807	21
58.57737292	0.005939584	21
58.54526146	0.005969628	21
51.0586551	0.003508732	21
52.21438595	0.003788807	21
53.27875679	0.003930019	21
54.23998138	0.004040315	21
55.07903796	0.004119499	21
55.81764103	0.004299747	21
56.44300806	0.004504575	21
56.95771554	0.004720262	21
57.3770323	0.004866953	21
57.74491611	0.00505536	21
58.03493659	0.005201761	21
58.26254933	0.00535027	21
58.44243073	0.005479136	21
58.5714406	0.005625435	21
58.67052988	0.005734973	21
58.74679351	0.005804127	21
58.77498701	0.005895193	21
58.78349143	0.005914601	21
58.77084589	0.00598236	21
58.73681628	0.006009728	21
51.14487373	0.003515657	21
52.34183148	0.003810541	21
53.42738807	0.003938272	21
54.39854979	0.004064899	21
55.26297561	0.004207183	21
55.99700358	0.004371087	21
56.61557283	0.004468369	21
57.13829534	0.004643972	21
57.57286437	0.004835206	21
57.93094816	0.005011985	21
58.24075511	0.005198733	21
58.47166285	0.005355302	21
58.62928691	0.005527706	21
58.77598139	0.005621918	21
58.88980556	0.005760952	21
58.942663	0.005839045	21
58.97702298	0.005912042	21
58.98740084	0.005936762	21
58.9901289	0.005980732	21
58.92760865	0.006010841	21
51.23819817	0.003574168	21
52.45915644	0.003822531	21
53.5496522	0.003949409	21
54.54664101	0.004007414	21
55.42254152	0.004145131	21
56.16774936	0.004290651	21
56.78541493	0.004481809	21
57.30988691	0.004704528	21
57.73920768	0.004874441	21
58.10764049	0.005042595	21
58.40005252	0.005188457	21
58.61534954	0.005374498	21
58.78576477	0.005468348	21
58.92492619	0.0056158	21
59.02811746	0.00569919	21
59.08545035	0.005828165	21
59.1321519	0.005904394	21
59.14063611	0.005930981	21
59.12816506	0.005995045	21
59.10542967	0.006028621	21
51.3168909	0.003562962	21
52.56749655	0.003798206	21
53.67766025	0.003934015	21
54.67828184	0.004023732	21
55.56357875	0.004126502	21
56.30187337	0.004306823	21
56.93034209	0.004464695	21
57.45540434	0.004642781	21
57.8732616	0.004858408	21
58.2342754	0.004983708	21
58.53559882	0.0052414	21
58.76066404	0.005376454	21
58.95177953	0.005488733	21
59.07919878	0.005613824	21
59.17072224	0.005766737	21
59.24361832	0.005800167	21
59.27867009	0.005897894	21
59.28335617	0.005967698	21
59.27790294	0.005990662	21
59.24614607	0.00601419	21
51.40203188	0.003536992	21
52.65703666	0.003790225	21
53.78892599	0.003920521	21
54.80714456	0.003971383	21
55.67820514	0.004107148	21
56.43468004	0.004277061	21
57.06389357	0.004490789	21
57.58230105	0.004671076	21
58.03204698	0.00484512	21
58.37488845	0.0050471	21
58.66361355	0.005241088	21
58.89711645	0.005337805	21
59.05948419	0.005526719	21
59.20621816	0.00565172	21
59.3060975	0.005712658	21
59.37365419	0.005797867	21
59.40431437	0.005919895	21
59.40666592	0.005966729	21
59.38549864	0.005996852	21
59.35947596	0.006006763	21
51.47942105	0.003586504	21
52.77050142	0.003710811	21
53.90811182	0.003914443	21
54.93001459	0.003981594	21
55.80615412	0.004086143	21
56.55561954	0.004238732	21
57.17877304	0.004465452	21
57.70733336	0.004655714	21
58.15478506	0.00483812	21
58.48374873	0.005087038	21
58.77391523	0.005253151	21
58.99395712	0.00538847	21
59.18104224	0.005476109	21
59.31645402	0.005632793	21
59.39984071	0.005747038	21
59.46490917	0.005838204	21
59.49770553	0.00591147	21
59.50509775	0.005974841	21
59.50458641	0.005981105	21
59.45586081	0.006035133	21
51.5822974	0.003603929	21
52.84956696	0.003763626	21
53.99978054	0.003880809	21
55.03883011	0.003935414	21
55.91503405	0.004101999	21
56.66741693	0.004256925	21
57.28570013	0.004467305	21
57.80990445	0.004654697	21
58.25017225	0.004855867	21
58.58475002	0.005065737	21
58.86911815	0.005273181	21
59.10869799	0.005372793	21
59.26429875	0.005536544	21
59.40090842	0.005670962	21
59.49308086	0.005777008	21
59.55054792	0.005859584	21
59.58567679	0.005919521	21
59.60569523	0.005970924	21
59.58811044	0.006000549	21
59.55440068	0.006031462	21
51.65619019	0.003587765	21
52.95950241	0.003771146	21
54.11547506	0.003888621	21
55.13736782	0.003940662	21
56.02366524	0.004072094	21
56.76389028	0.004242613	21
57.39417057	0.004425372	21
57.92855147	0.004622997	21
58.35125308	0.004833188	21
58.68095498	0.005074512	21
58.97273905	0.005159549	21
59.19659289	0.005353024	21
59.35238979	0.005555683	21
59.48993914	0.005670178	21
59.58400175	0.005785874	21
59.64415516	0.00580595	21
59.67111027	0.005912337	21
59.69118644	0.005968845	21
59.67998845	0.006003384	21
59.6259359	0.006054547	21
51.74011626	0.003585782	21
53.02686826	0.003780596	21
54.18331715	0.003818922	21
55.2514006	0.003923649	21
56.10728543	0.004055268	21
56.85916446	0.004238008	21
57.50403962	0.004419568	21
58.02011031	0.004607994	21
58.44576595	0.004890552	21
58.78265469	0.005074263	21
59.06472545	0.005243864	21
59.26875847	0.005369635	21
59.44257369	0.005568683	21
59.56986944	0.005641755	21
59.66211279	0.005787023	21
59.71850992	0.005879915	21
59.74595616	0.005950017	21
59.75641718	0.006007264	21
59.7349561	0.006066312	21
59.70447488	0.006092945	21
51.80386672	0.003504323	21
53.12230946	0.003750562	21
54.28722698	0.003818368	21
55.32316091	0.003920994	21
56.22382062	0.004005545	21
56.96931727	0.004239748	21
57.59162389	0.004388217	21
58.09884175	0.004683656	21
58.5271885	0.004851219	21
58.88005408	0.005095964	21
59.1634433	0.005235555	21
59.35633484	0.005410218	21
59.52596106	0.005556038	21
59.65011588	0.005675594	21
59.7354415	0.005805204	21
59.78642764	0.00585985	21
59.8077134	0.005953377	21
59.81403269	0.005995081	21
59.80444246	0.006071714	21
59.77417696	0.006078276	21
51.85435366	0.003535004	21
53.16949754	0.003762512	21
54.35538006	0.003841937	21
55.41910795	0.003897804	21
56.31029591	0.004084149	21
57.05542852	0.004235788	21
57.68231448	0.004390832	21
58.20497789	0.004656731	21
58.62798747	0.004914057	21
58.97345574	0.005081458	21
59.24853622	0.00526464	21
59.45444827	0.005449023	21
59.61604022	0.005555556	21
59.73693695	0.005709469	21
59.81897023	0.005785632	21
59.87087418	0.00586234	21
59.90041684	0.005952023	21
59.89880645	0.006025614	21
59.86953238	0.00604739	21
59.82205096	0.006102025	21
51.93575478	0.003536417	21
53.26117162	0.003708221	21
54.44778553	0.00382121	21
55.50197067	0.003906462	21
56.41168387	0.004031461	21
57.15751236	0.004202634	21
57.76639722	0.004457151	21
58.28845268	0.004643124	21
58.70664186	0.004862824	21
59.04809321	0.005111574	21
59.31977524	0.005256399	21
59.53299423	0.005456575	21
59.69640524	0.005554243	21
59.82234145	0.005706001	21
59.90507801	0.005782291	21
59.955323	0.005882007	21
59.97396422	0.005966399	21
59.96350522	0.00603646	21
59.94379257	0.006052671	21
59.89732689	0.006116223	21
52.01078932	0.003567082	21
53.35030264	0.00374171	21
54.53830004	0.003813258	21
55.61651252	0.003851459	21
56.5100826	0.003972267	21
57.23538281	0.004178232	21
57.86155399	0.004451223	21
58.3712367	0.004628712	21
58.78375386	0.004837646	21
59.12968348	0.005097708	21
59.38971584	0.005244163	21
59.59924648	0.005420327	21
59.76460119	0.005570051	21
59.88775229	0.005737498	21
59.96362816	0.005822965	21
60.01268387	0.005925516	21
60.01895494	0.005999957	21
60.01107165	0.006029363	21
59.98403406	0.006069012	21
59.94431355	0.006101898	21
52.08782086	0.003494561	21
53.43410626	0.003670932	21
54.64720052	0.003759026	21
55.72151055	0.003847476	21
56.5987429	0.003998078	21
57.35262903	0.004136717	21
57.96054193	0.004445567	21
58.45250586	0.004683831	21
58.86376887	0.004879142	21
59.20281773	0.005103474	21
59.4691996	0.005266394	21
59.67539735	0.005471943	21
59.8243249	0.005580355	21
59.94238225	0.005738945	21
60.02217563	0.005801872	21
60.06228955	0.005896784	21
60.07934228	0.00597097	21
60.06598266	0.006027586	21
60.04225538	0.00607047	21
59.99283172	0.006117712	21
52.15870238	0.003549923	21
53.51428684	0.003710654	21
54.73442114	0.003755399	21
55.79821495	0.003833825	21
56.69540301	0.00392537	21
57.41014434	0.004228482	21
58.03747456	0.004416738	21
58.52711374	0.004667419	21
58.93453295	0.004833938	21
59.26891852	0.005078712	21
59.53830491	0.005320324	21
59.73719687	0.005459268	21
59.89862448	0.005578977	21
60.00396702	0.005703883	21
60.08074591	0.005828517	21
60.12581991	0.00589578	21
60.14648088	0.005986355	21
60.13385912	0.006036936	21
60.10670487	0.006065568	21
60.05164628	0.006111728	21
52.23498772	0.00354061	21
53.611096	0.003589778	21
54.80141255	0.003728004	21
55.86027284	0.00382214	21
56.76710425	0.003957139	21
57.50918419	0.004185483	21
58.12213937	0.004417713	21
58.61918827	0.004669332	21
59.01718919	0.004882411	21
59.34937652	0.005098889	21
59.60871669	0.005290377	21
59.80921458	0.005447519	21
59.96421417	0.005618421	21
60.06922818	0.005708196	21
60.13741177	0.005838877	21
60.18594725	0.005909941	21
60.19408824	0.005975587	21
60.1889414	0.006054702	21
60.15657183	0.006075975	21
60.10634627	0.006128048	21
52.32281075	0.003409612	21
53.67876602	0.00364385	21
54.89832285	0.003753952	21
55.9372021	0.00378588	21
56.83981335	0.00399096	21
57.58840532	0.004192686	21
58.20053548	0.004405969	21
58.69888998	0.004660385	21
59.0897984	0.004882389	21
59.41774002	0.005103881	21
59.67482117	0.005271244	21
59.87881688	0.005493177	21
60.02880465	0.005595974	21
60.13080358	0.005727704	21
60.20147095	0.005852988	21
60.24073612	0.005930856	21
60.25185731	0.006013363	21
60.2327643	0.006037738	21
60.19544336	0.006087339	21
60.14610718	0.006125957	21
52.40327605	0.003467839	21
53.76068071	0.003638998	21
54.98275693	0.003702798	21
56.04307608	0.003745401	21
56.89409673	0.004005439	21
57.65565292	0.004181196	21
58.25757373	0.00439438	21
58.75446181	0.004631685	21
59.15598328	0.004868464	21
59.47656708	0.005065887	21
59.73365445	0.005314793	21
59.93860073	0.005479304	21
60.08444229	0.00560563	21
60.18394096	0.005718282	21
60.2516579	0.005841353	21
60.2878593	0.005953293	21
60.30376591	0.006002263	21
60.28413297	0.006075054	21
60.24118424	0.006098401	21
60.19091957	0.006124412	21
52.48373659	0.003386667	21
53.86531539	0.003509547	21
55.08007632	0.003617831	21
56.13058522	0.003770196	21
56.97540748	0.004000607	21
57.73054366	0.004106365	21
58.33935017	0.004384388	21
58.83720192	0.004669618	21
59.23165411	0.004896898	21
59.54819368	0.005130573	21
59.80597053	0.005319525	21
60.0059821	0.005466699	21
60.14743797	0.005662593	21
60.24508483	0.005772504	21
60.3084402	0.005879541	21
60.3452284	0.005948067	21
60.35931458	0.005999663	21
60.33975307	0.006086545	21
60.28879945	0.006109176	21
60.23469398	0.006157825	21
